1.349394130706787109e+01,5.013614654541015625e+01,3.481806945800781250e+01
1.351347637176513672e+01,5.093148422241210938e+01,3.480028533935546875e+01
1.474951839447021484e+01,5.386599731445312500e+01,3.371587753295898438e+01
1.476368713378906250e+01,5.289707565307617188e+01,3.329377365112304688e+01
2.515549087524414062e+01,5.390281295776367188e+01,6.093147277832031250e+01
1.392773628234863281e+01,4.862299728393554688e+01,3.411895751953125000e+01
1.368976974487304688e+01,4.935591506958007812e+01,3.449984741210937500e+01
1.412089443206787109e+01,4.938349151611328125e+01,3.375295639038085938e+01
3.584302139282226562e+01,4.025378036499023438e+01,5.986975479125976562e+01
3.527400588989257812e+01,4.011800384521484375e+01,6.029581451416015625e+01
3.097670173645019531e+01,4.741769027709960938e+01,6.292121887207031250e+01
3.061662101745605469e+01,4.673313140869140625e+01,6.314149856567382812e+01
3.008356666564941406e+01,5.143000793457031250e+01,2.637557220458984375e+01
3.059683990478515625e+01,5.084680938720703125e+01,2.667416954040527344e+01
1.904404830932617188e+01,4.334519958496093750e+01,3.081904983520507812e+01
1.966288757324218750e+01,4.310106658935546875e+01,3.126273345947265625e+01
1.459798526763916016e+01,4.859583663940429688e+01,3.294990539550781250e+01
1.447912120819091797e+01,4.922819900512695312e+01,3.312240219116210938e+01
1.483840751647949219e+01,4.962973022460937500e+01,3.257390594482421875e+01
1.559611797332763672e+01,4.826594924926757812e+01,3.155580902099609375e+01
1.520055961608886719e+01,4.762035369873046875e+01,3.219937515258789062e+01
1.508954143524169922e+01,4.859066390991210938e+01,3.224942398071289062e+01
1.560333538055419922e+01,4.730006408691406250e+01,3.168002700805664062e+01
1.504011821746826172e+01,4.706984329223632812e+01,3.266072082519531250e+01
1.581161975860595703e+01,4.644974136352539062e+01,3.182680130004882812e+01
2.133073234558105469e+01,4.346456527709960938e+01,3.016293334960937500e+01
1.936660766601562500e+01,5.619996261596679688e+01,3.018515396118164062e+01
2.087268257141113281e+01,5.569755554199218750e+01,3.098910140991210938e+01
2.446793746948242188e+01,5.611836624145507812e+01,2.906936645507812500e+01
2.369090843200683594e+01,5.636066818237304688e+01,2.951101112365722656e+01
1.564126777648925781e+01,5.338145446777343750e+01,3.218946456909179688e+01
1.584613513946533203e+01,5.425298690795898438e+01,3.235059356689453125e+01
1.611437797546386719e+01,5.384980010986328125e+01,3.163254737854003906e+01
1.455089664459228516e+01,5.223694229125976562e+01,3.341716384887695312e+01
1.409205436706542969e+01,5.215430831909179688e+01,3.405650329589843750e+01
2.317111968994140625e+01,5.491179656982421875e+01,6.034526062011718750e+01
2.189799308776855469e+01,4.224404907226562500e+01,6.357209777832031250e+01
1.367327880859375000e+01,4.599892044067382812e+01,3.552001571655273438e+01
1.405422687530517578e+01,4.531429672241210938e+01,3.582273101806640625e+01
1.348386764526367188e+01,4.568266296386718750e+01,3.633358001708984375e+01
1.151206493377685547e+01,4.771220779418945312e+01,4.023320007324218750e+01
1.174859142303466797e+01,4.693647766113281250e+01,3.982809066772460938e+01
1.162002277374267578e+01,4.769108581542968750e+01,3.931163787841796875e+01
1.860956954956054688e+01,4.838457870483398438e+01,2.842462348937988281e+01
1.791439437866210938e+01,4.875184249877929688e+01,2.896143722534179688e+01
1.868994712829589844e+01,4.927078247070312500e+01,2.849049186706542969e+01
1.624061584472656250e+01,4.420715713500976562e+01,3.332996749877929688e+01
1.920317840576171875e+01,5.110335540771484375e+01,2.865686798095703125e+01
1.226305675506591797e+01,4.621115875244140625e+01,3.887691116333007812e+01
1.306457614898681641e+01,4.552300262451171875e+01,3.902271652221679688e+01
1.231393337249755859e+01,4.643352508544921875e+01,3.816968536376953125e+01
1.268370723724365234e+01,4.607878112792968750e+01,3.760823822021484375e+01
1.274537086486816406e+01,4.577410888671875000e+01,3.845359039306640625e+01
1.719927024841308594e+01,4.668604278564453125e+01,2.937788772583007812e+01
1.766411209106445312e+01,4.584328842163085938e+01,2.912853240966796875e+01
1.682013702392578125e+01,4.604218292236328125e+01,2.994867897033691406e+01
3.115351486206054688e+01,5.026844787597656250e+01,2.732460212707519531e+01
3.129343414306640625e+01,4.955839157104492188e+01,2.792363929748535156e+01
3.175620460510253906e+01,5.028591918945312500e+01,2.773557662963867188e+01
3.007669258117675781e+01,4.733889770507812500e+01,2.851404380798339844e+01
1.829633331298828125e+01,5.625772476196289062e+01,3.207305526733398438e+01
1.254504394531250000e+01,4.586529159545898438e+01,3.952108001708984375e+01
1.656144332885742188e+01,4.781879425048828125e+01,3.007091712951660156e+01
1.730939674377441406e+01,4.872032165527343750e+01,2.949583816528320312e+01
1.529385948181152344e+01,4.981628799438476562e+01,3.197496604919433594e+01
1.442479896545410156e+01,4.996729660034179688e+01,3.322040939331054688e+01
1.477591896057128906e+01,5.066456985473632812e+01,3.273734664916992188e+01
1.504462051391601562e+01,5.029274749755859375e+01,3.231433105468750000e+01
3.119075202941894531e+01,5.136302185058593750e+01,6.157726287841796875e+01
3.120500946044921875e+01,5.181918716430664062e+01,6.103691101074218750e+01
2.977591896057128906e+01,5.133600234985351562e+01,6.091609954833984375e+01
3.054345893859863281e+01,5.193026733398437500e+01,6.157650756835937500e+01
1.402910041809082031e+01,4.617707443237304688e+01,3.468436431884765625e+01
1.452707195281982422e+01,4.606510543823242188e+01,3.389969253540039062e+01
1.450132274627685547e+01,4.555540466308593750e+01,3.435641860961914062e+01
3.002412033081054688e+01,4.822912216186523438e+01,6.325486373901367188e+01
3.018152809143066406e+01,4.723739624023437500e+01,6.332386779785156250e+01
3.071081161499023438e+01,4.790492248535156250e+01,6.300838470458984375e+01
1.801884078979492188e+01,5.612501144409179688e+01,3.138405990600585938e+01
1.894094848632812500e+01,5.643054962158203125e+01,3.114827919006347656e+01
2.355387115478515625e+01,4.733776473999023438e+01,2.675358200073242188e+01
2.399450111389160156e+01,4.652623748779296875e+01,2.683973121643066406e+01
3.096518516540527344e+01,4.604913711547851562e+01,6.294309997558593750e+01
1.735942077636718750e+01,5.584535217285156250e+01,3.398096466064453125e+01
1.498042869567871094e+01,5.226207733154296875e+01,3.281471633911132812e+01
1.518818473815917969e+01,5.319298934936523438e+01,3.278914260864257812e+01
1.709399986267089844e+01,4.953812026977539062e+01,2.992832756042480469e+01
1.685375976562500000e+01,5.083168792724609375e+01,3.039846611022949219e+01
1.639152145385742188e+01,5.002581787109375000e+01,3.072657585144042969e+01
1.707959175109863281e+01,5.462906265258789062e+01,3.444923019409179688e+01
1.595427608489990234e+01,5.518810272216796875e+01,3.389620590209960938e+01
1.723056602478027344e+01,5.487844848632812500e+01,3.306536483764648438e+01
1.737437629699707031e+01,5.587319564819335938e+01,3.310325622558593750e+01
1.810177993774414062e+01,5.614257049560546875e+01,3.283187866210937500e+01
2.890643310546875000e+01,5.441796493530273438e+01,2.785020065307617188e+01
2.868031120300292969e+01,5.394684982299804688e+01,2.736019325256347656e+01
2.801322746276855469e+01,5.460369110107421875e+01,2.773764610290527344e+01
2.398671340942382812e+01,4.489610290527343750e+01,2.811182403564453125e+01
2.499271011352539062e+01,4.508753967285156250e+01,2.796322441101074219e+01
2.598079872131347656e+01,5.327301025390625000e+01,2.615551185607910156e+01
2.598906326293945312e+01,5.409395980834960938e+01,2.670151710510253906e+01
3.291255950927734375e+01,4.738071823120117188e+01,6.147259902954101562e+01
3.213137435913085938e+01,4.690061187744140625e+01,6.213669586181640625e+01
3.206090545654296875e+01,4.766569900512695312e+01,6.214786148071289062e+01
3.384339904785156250e+01,3.974397659301757812e+01,6.115550994873046875e+01
3.312975692749023438e+01,3.997523498535156250e+01,6.169483566284179688e+01
3.182950210571289062e+01,4.962528228759765625e+01,2.833447265625000000e+01
3.256555175781250000e+01,5.023400497436523438e+01,2.839657592773437500e+01
2.648996543884277344e+01,5.370735549926757812e+01,2.647983741760253906e+01
2.678374671936035156e+01,5.312150192260742188e+01,2.615095520019531250e+01
2.456848526000976562e+01,4.932482910156250000e+01,2.614374160766601562e+01
2.494089889526367188e+01,4.344880676269531250e+01,6.433906555175781250e+01
2.604198455810546875e+01,4.399250030517578125e+01,6.425742340087890625e+01
2.582594680786132812e+01,4.320273208618164062e+01,6.435279083251953125e+01
1.720043373107910156e+01,4.478763198852539062e+01,3.010326576232910156e+01
1.680456352233886719e+01,4.487651443481445312e+01,3.096408653259277344e+01
1.759186744689941406e+01,4.408320999145507812e+01,3.083919143676757812e+01
2.355007743835449219e+01,4.808760070800781250e+01,2.668260765075683594e+01
2.448955917358398438e+01,4.852663040161132812e+01,2.628798675537109375e+01
1.422611618041992188e+01,4.830746078491210938e+01,3.361914062500000000e+01
3.706823730468750000e+01,4.212444686889648438e+01,5.852346420288085938e+01
3.740734481811523438e+01,4.130092239379882812e+01,5.843670272827148438e+01
3.248217391967773438e+01,5.111629486083984375e+01,5.972908020019531250e+01
3.180379295349121094e+01,4.992736434936523438e+01,5.991802978515625000e+01
2.852421760559082031e+01,4.649250793457031250e+01,2.807226181030273438e+01
2.927193832397460938e+01,4.679879760742187500e+01,2.830012130737304688e+01
2.874882125854492188e+01,4.729018020629882812e+01,2.747583580017089844e+01
2.666283416748046875e+01,5.197161865234375000e+01,2.556177711486816406e+01
2.561327934265136719e+01,5.182696914672851562e+01,2.562932205200195312e+01
2.617418479919433594e+01,5.116208648681640625e+01,2.545304298400878906e+01
2.700150108337402344e+01,4.629536056518554688e+01,2.742162132263183594e+01
2.789130973815917969e+01,4.689085006713867188e+01,2.733271980285644531e+01
2.796415328979492188e+01,4.609246063232421875e+01,2.807592964172363281e+01
2.214048385620117188e+01,4.427342224121093750e+01,6.347735214233398438e+01
2.237082672119140625e+01,4.504659652709960938e+01,6.339054107666015625e+01
2.164096450805664062e+01,4.491107559204101562e+01,6.316460418701171875e+01
1.853874206542968750e+01,5.113263702392578125e+01,2.904872322082519531e+01
2.304103660583496094e+01,4.580204010009765625e+01,6.345740127563476562e+01
2.465679550170898438e+01,5.568368148803710938e+01,2.828675079345703125e+01
2.528264999389648438e+01,5.594324111938476562e+01,2.897672080993652344e+01
3.302801513671875000e+01,4.193388366699218750e+01,6.171901321411132812e+01
3.388803100585937500e+01,4.239807891845703125e+01,6.093878173828125000e+01
1.809881019592285156e+01,4.464294052124023438e+01,6.189975738525390625e+01
1.879150581359863281e+01,4.466472244262695312e+01,6.235106277465820312e+01
2.187288284301757812e+01,4.569244003295898438e+01,6.303253936767578125e+01
1.114009094238281250e+01,5.038364028930664062e+01,4.117188262939453125e+01
1.097282314300537109e+01,4.989934158325195312e+01,4.209402847290039062e+01
1.108770751953125000e+01,4.947917938232421875e+01,4.156728363037109375e+01
2.563730812072753906e+01,5.556858444213867188e+01,2.835932922363281250e+01
2.279993438720703125e+01,4.417880249023437500e+01,2.895377159118652344e+01
2.213415718078613281e+01,4.454363250732421875e+01,2.855147171020507812e+01
2.290811347961425781e+01,4.482115936279296875e+01,2.820244216918945312e+01
3.676747512817382812e+01,4.299349212646484375e+01,5.856872558593750000e+01
3.611921691894531250e+01,4.237862396240234375e+01,5.921782302856445312e+01
3.627255630493164062e+01,3.993612289428710938e+01,5.957437896728515625e+01
1.550169563293457031e+01,4.434761047363281250e+01,3.488657760620117188e+01
2.890102386474609375e+01,5.183106994628906250e+01,2.604615402221679688e+01
2.630259895324707031e+01,5.565349197387695312e+01,2.878321838378906250e+01
2.090785026550292969e+01,4.550945663452148438e+01,2.781822776794433594e+01
2.076345062255859375e+01,4.615075683593750000e+01,2.758340263366699219e+01
2.184825134277343750e+01,4.605648422241210938e+01,2.742457008361816406e+01
2.943961906433105469e+01,5.473209381103515625e+01,2.847407150268554688e+01
1.225472068786621094e+01,4.688399124145507812e+01,5.119462585449218750e+01
1.251799392700195312e+01,4.625614547729492188e+01,5.081885147094726562e+01
1.705627632141113281e+01,5.175040817260742188e+01,3.016568946838378906e+01
1.145836448669433594e+01,4.814157867431640625e+01,4.722715759277343750e+01
3.340734100341796875e+01,4.079350280761718750e+01,6.145857620239257812e+01
2.451255035400390625e+01,4.224563980102539062e+01,6.445616912841796875e+01
2.370835685729980469e+01,4.246858215332031250e+01,6.427355957031250000e+01
2.142279052734375000e+01,5.364530563354492188e+01,2.766934967041015625e+01
2.084671974182128906e+01,5.411952590942382812e+01,2.806589698791503906e+01
2.081164360046386719e+01,5.588483047485351562e+01,2.934332656860351562e+01
2.102446365356445312e+01,5.534543609619140625e+01,2.876274681091308594e+01
2.186098670959472656e+01,5.596343994140625000e+01,2.913381767272949219e+01
1.311799430847167969e+01,4.576645660400390625e+01,5.354612350463867188e+01
1.308238697052001953e+01,4.628230285644531250e+01,5.415039062500000000e+01
1.151967811584472656e+01,4.874916076660156250e+01,4.779546356201171875e+01
1.169062423706054688e+01,4.871924972534179688e+01,4.859395217895507812e+01
1.163862419128417969e+01,4.778101348876953125e+01,4.812054443359375000e+01
1.588814640045166016e+01,5.482249450683593750e+01,3.299960327148437500e+01
1.548126697540283203e+01,4.461189270019531250e+01,5.856953430175781250e+01
2.892852783203125000e+01,4.787999343872070312e+01,2.705093193054199219e+01
2.890320968627929688e+01,4.850401687622070312e+01,2.646104049682617188e+01
2.948023605346679688e+01,4.844941329956054688e+01,2.701547622680664062e+01
1.141892147064208984e+01,5.059553146362304688e+01,3.982831573486328125e+01
1.995542716979980469e+01,4.321676635742187500e+01,3.072859191894531250e+01
1.576299381256103516e+01,4.438301467895507812e+01,3.394024658203125000e+01
2.178968811035156250e+01,5.538230514526367188e+01,2.858574485778808594e+01
2.128860473632812500e+01,5.471280288696289062e+01,2.824497222900390625e+01
2.758815193176269531e+01,4.451193237304687500e+01,6.397050857543945312e+01
2.744124984741210938e+01,3.922974777221679688e+01,6.392553710937500000e+01
1.740939331054687500e+01,5.108020019531250000e+01,2.988164329528808594e+01
1.769783592224121094e+01,5.168933868408203125e+01,2.955744743347167969e+01
1.693534469604492188e+01,5.537149810791015625e+01,3.171843910217285156e+01
1.741798400878906250e+01,5.568141937255859375e+01,3.125491333007812500e+01
1.744153022766113281e+01,5.585574722290039062e+01,3.207374572753906250e+01
1.386610221862792969e+01,4.554935455322265625e+01,5.599287033081054688e+01
1.424099826812744141e+01,4.505310821533203125e+01,5.608767318725585938e+01
1.445478725433349609e+01,5.434078598022460938e+01,3.464869308471679688e+01
1.435644531250000000e+01,5.455852508544921875e+01,3.532574462890625000e+01
2.186236000061035156e+01,5.684204483032226562e+01,3.110890960693359375e+01
2.235338592529296875e+01,5.675545120239257812e+01,3.044520759582519531e+01
2.028006172180175781e+01,4.294436645507812500e+01,6.302282333374023438e+01
2.462081146240234375e+01,5.015135955810546875e+01,2.605767059326171875e+01
2.366237068176269531e+01,5.032322311401367188e+01,2.631570243835449219e+01
2.366170310974121094e+01,4.960929489135742188e+01,2.636033058166503906e+01
1.748028373718261719e+01,4.517621612548828125e+01,2.946942329406738281e+01
3.782418060302734375e+01,4.051328659057617188e+01,5.817016220092773438e+01
2.286529922485351562e+01,5.010652923583984375e+01,2.659436798095703125e+01
2.059485816955566406e+01,4.853771209716796875e+01,2.755377960205078125e+01
2.145258522033691406e+01,4.859954452514648438e+01,2.735774421691894531e+01
1.213194084167480469e+01,4.627932739257812500e+01,3.974541473388671875e+01
2.256606674194335938e+01,5.256559371948242188e+01,2.693193244934082031e+01
2.172732353210449219e+01,5.185944747924804688e+01,2.720532035827636719e+01
2.160874176025390625e+01,5.268938446044921875e+01,2.734515571594238281e+01
1.259360122680664062e+01,4.703123855590820312e+01,3.693114852905273438e+01
1.260429096221923828e+01,4.798785781860351562e+01,3.658444976806640625e+01
2.008703804016113281e+01,4.379913330078125000e+01,6.299531173706054688e+01
1.331320571899414062e+01,4.758243179321289062e+01,3.532605743408203125e+01
1.597628784179687500e+01,4.530696487426757812e+01,3.225700378417968750e+01
1.629665374755859375e+01,4.560558319091796875e+01,3.147193717956542969e+01
1.646762466430664062e+01,4.475137710571289062e+01,3.194883537292480469e+01
1.353469467163085938e+01,4.813230895996093750e+01,3.482561492919921875e+01
1.321650981903076172e+01,4.888009262084960938e+01,3.532360076904296875e+01
1.302334785461425781e+01,4.809821701049804688e+01,3.574367141723632812e+01
1.603973579406738281e+01,4.473701858520507812e+01,3.268659591674804688e+01
1.498074340820312500e+01,4.608090591430664062e+01,3.323382568359375000e+01
1.544781303405761719e+01,4.610338592529296875e+01,3.258901596069335938e+01
1.965781211853027344e+01,5.655070114135742188e+01,3.107121467590332031e+01
3.529689025878906250e+01,4.801739501953125000e+01,5.834915161132812500e+01
3.486832427978515625e+01,4.877244567871093750e+01,5.781622695922851562e+01
3.479106903076171875e+01,4.860852050781250000e+01,5.880009841918945312e+01
3.061841011047363281e+01,5.243176269531250000e+01,6.078345489501953125e+01
2.993615531921386719e+01,5.279237747192382812e+01,6.106848526000976562e+01
1.445526409149169922e+01,5.325943756103515625e+01,3.382685470581054688e+01
1.816576194763183594e+01,4.962903594970703125e+01,2.896021080017089844e+01
1.330899333953857422e+01,4.710978698730468750e+01,5.445613861083984375e+01
1.287819385528564453e+01,4.685206985473632812e+01,5.360512542724609375e+01
1.849958610534667969e+01,5.614225387573242188e+01,3.052129364013671875e+01
1.766053199768066406e+01,5.564725875854492188e+01,3.059387397766113281e+01
2.298834609985351562e+01,5.512834930419921875e+01,2.798263549804687500e+01
2.281879997253417969e+01,5.560029602050781250e+01,2.851163673400878906e+01
2.377981758117675781e+01,5.564007949829101562e+01,2.824641990661621094e+01
2.235297203063964844e+01,5.153635406494140625e+01,2.687549018859863281e+01
1.187892150878906250e+01,4.691909408569335938e+01,3.897705841064453125e+01
1.597370147705078125e+01,4.906737136840820312e+01,3.106677818298339844e+01
1.665700912475585938e+01,4.908364105224609375e+01,3.026462936401367188e+01
2.669971656799316406e+01,4.094452285766601562e+01,6.435895538330078125e+01
2.664251327514648438e+01,3.984033966064453125e+01,6.425385284423828125e+01
2.593028068542480469e+01,4.042215347290039062e+01,6.446872711181640625e+01
2.041041374206542969e+01,5.667937469482421875e+01,3.115803527832031250e+01
2.027718353271484375e+01,5.640342330932617188e+01,3.027870941162109375e+01
1.625042915344238281e+01,4.847706604003906250e+01,3.058775138854980469e+01
2.672854614257812500e+01,5.421592712402343750e+01,6.167757415771484375e+01
2.656910705566406250e+01,5.356804656982421875e+01,6.231798171997070312e+01
2.763759613037109375e+01,5.382737731933593750e+01,6.171035385131835938e+01
2.070358467102050781e+01,5.472885513305664062e+01,5.935207366943359375e+01
1.654537391662597656e+01,4.688560104370117188e+01,3.012932586669921875e+01
1.619980621337890625e+01,4.755246353149414062e+01,3.058617019653320312e+01
1.618602371215820312e+01,4.668206787109375000e+01,3.093095779418945312e+01
3.009495925903320312e+01,5.362020874023437500e+01,2.743825531005859375e+01
3.002806472778320312e+01,5.289653015136718750e+01,2.686601448059082031e+01
2.029237556457519531e+01,4.508271408081054688e+01,2.820188331604003906e+01
2.014077377319335938e+01,4.568859863281250000e+01,2.785971260070800781e+01
1.588538837432861328e+01,4.768758773803710938e+01,3.111045265197753906e+01
1.133049964904785156e+01,5.151399993896484375e+01,3.971421813964843750e+01
1.144726753234863281e+01,5.225098419189453125e+01,3.926691055297851562e+01
1.117183113098144531e+01,5.264966964721679688e+01,4.004360580444335938e+01
1.234926509857177734e+01,5.272997283935546875e+01,3.986350631713867188e+01
1.160363101959228516e+01,5.310744476318359375e+01,3.938080978393554688e+01
1.186985397338867188e+01,5.296153259277343750e+01,3.859047317504882812e+01
1.218673801422119141e+01,5.305709457397460938e+01,3.782075119018554688e+01
1.327500247955322266e+01,5.264701843261718750e+01,3.786576461791992188e+01
1.200544071197509766e+01,5.255723953247070312e+01,3.796197128295898438e+01
1.565305328369140625e+01,4.470303726196289062e+01,3.340395736694335938e+01
2.208138275146484375e+01,5.605388641357421875e+01,5.998378753662109375e+01
1.092789459228515625e+01,4.964340591430664062e+01,4.261425399780273438e+01
1.081115150451660156e+01,5.058825302124023438e+01,4.280931091308593750e+01
1.084952259063720703e+01,5.004765319824218750e+01,4.339465332031250000e+01
1.543185997009277344e+01,5.462688446044921875e+01,3.349933242797851562e+01
1.535476398468017578e+01,5.386216354370117188e+01,3.284489059448242188e+01
2.674481391906738281e+01,5.446986770629882812e+01,6.114453506469726562e+01
2.743707275390625000e+01,5.419860458374023438e+01,6.119641113281250000e+01
2.161525344848632812e+01,5.581499099731445312e+01,5.897410202026367188e+01
2.108375740051269531e+01,5.544639587402343750e+01,5.936569213867187500e+01
2.162509918212890625e+01,5.578581619262695312e+01,5.991944503784179688e+01
2.023731803894042969e+01,4.349000167846679688e+01,3.009278488159179688e+01
1.356984424591064453e+01,4.872062683105468750e+01,5.394863510131835938e+01
1.407447624206542969e+01,4.887678909301757812e+01,5.479616546630859375e+01
1.369895744323730469e+01,5.075220870971679688e+01,5.351769256591796875e+01
1.325723552703857422e+01,5.127698135375976562e+01,5.284980010986328125e+01
1.174759197235107422e+01,4.783455657958984375e+01,3.868424606323242188e+01
1.164782524108886719e+01,4.854772186279296875e+01,3.880442047119140625e+01
3.167423057556152344e+01,3.974243164062500000e+01,6.268116760253906250e+01
3.065698814392089844e+01,4.042510223388671875e+01,6.309857559204101562e+01
3.147957229614257812e+01,4.104564285278320312e+01,6.275038146972656250e+01
2.146388053894042969e+01,5.350100326538085938e+01,6.066160964965820312e+01
2.170329475402832031e+01,5.227300643920898438e+01,6.119081878662109375e+01
2.106514358520507812e+01,5.246986770629882812e+01,6.053578948974609375e+01
2.421551132202148438e+01,4.465192031860351562e+01,6.414395141601562500e+01
2.320253944396972656e+01,4.467465972900390625e+01,6.380053710937500000e+01
2.395466423034667969e+01,4.398054885864257812e+01,6.417678833007812500e+01
1.669082260131835938e+01,4.423838424682617188e+01,3.240221023559570312e+01
2.663852310180664062e+01,3.939844131469726562e+01,6.402516937255859375e+01
1.163402557373046875e+01,4.708562850952148438e+01,4.264028167724609375e+01
1.548186588287353516e+01,5.529714202880859375e+01,5.418842697143554688e+01
1.464404582977294922e+01,5.482700347900390625e+01,5.429848861694335938e+01
1.412317085266113281e+01,5.312535858154296875e+01,5.425079345703125000e+01
1.371401405334472656e+01,5.285588836669921875e+01,5.372604751586914062e+01
1.368904685974121094e+01,5.401006698608398438e+01,5.363355255126953125e+01
1.137568569183349609e+01,4.788509750366210938e+01,4.120698928833007812e+01
1.129703903198242188e+01,4.872907257080078125e+01,4.063150024414062500e+01
3.612760162353515625e+01,4.350541305541992188e+01,5.905541229248046875e+01
1.321041107177734375e+01,5.330792236328125000e+01,3.571998596191406250e+01
1.301104259490966797e+01,5.354265975952148438e+01,3.634049606323242188e+01
1.359045219421386719e+01,5.408459854125976562e+01,3.590780258178710938e+01
1.233295631408691406e+01,5.145686340332031250e+01,3.719984436035156250e+01
1.263205051422119141e+01,5.099862289428710938e+01,3.657840347290039062e+01
1.255069923400878906e+01,5.188975524902343750e+01,3.664513015747070312e+01
1.222292041778564453e+01,4.825123596191406250e+01,3.736290359497070312e+01
1.215980911254882812e+01,4.909551620483398438e+01,3.747228622436523438e+01
1.833781814575195312e+01,4.535264205932617188e+01,2.879464721679687500e+01
1.841601943969726562e+01,4.470632553100585938e+01,2.909098625183105469e+01
1.521395874023437500e+01,4.427925109863281250e+01,3.598286056518554688e+01
1.181917572021484375e+01,5.372587203979492188e+01,5.044777679443359375e+01
1.236895370483398438e+01,5.424263381958007812e+01,5.035483169555664062e+01
1.178121280670166016e+01,5.398896026611328125e+01,4.984146118164062500e+01
1.227838516235351562e+01,5.246564865112304688e+01,3.723008728027343750e+01
1.359988212585449219e+01,5.182839584350585938e+01,3.471741867065429688e+01
1.151366710662841797e+01,5.306825637817382812e+01,5.032984161376953125e+01
1.145637989044189453e+01,5.093265151977539062e+01,4.916721343994140625e+01
1.181360149383544922e+01,5.096047210693359375e+01,4.993138122558593750e+01
1.188872146606445312e+01,4.664431381225585938e+01,4.056647872924804688e+01
1.225651741027832031e+01,4.626759338378906250e+01,4.157834243774414062e+01
1.129515552520751953e+01,5.357610321044921875e+01,4.967000961303710938e+01
1.099693202972412109e+01,5.303884887695312500e+01,4.956969451904296875e+01
1.181577396392822266e+01,4.680886459350585938e+01,4.145519256591796875e+01
1.314440345764160156e+01,5.396466064453125000e+01,3.695874023437500000e+01
1.056168842315673828e+01,5.252516174316406250e+01,4.423159027099609375e+01
1.069437408447265625e+01,5.307879638671875000e+01,4.483813095092773438e+01
1.380813789367675781e+01,5.271041488647460938e+01,3.457591247558593750e+01
1.229292774200439453e+01,5.064450454711914062e+01,3.742012023925781250e+01
1.219130420684814453e+01,4.979143142700195312e+01,3.748830032348632812e+01
1.252588462829589844e+01,4.979678726196289062e+01,3.673725891113281250e+01
1.195274925231933594e+01,4.996305084228515625e+01,3.811104202270507812e+01
2.242467498779296875e+01,5.256698989868164062e+01,6.162978363037109375e+01
2.279090690612792969e+01,5.326832962036132812e+01,6.176091003417968750e+01
1.372831439971923828e+01,4.525733566284179688e+01,3.693840408325195312e+01
1.435325431823730469e+01,5.080529403686523438e+01,3.341486358642578125e+01
1.218790149688720703e+01,5.354173660278320312e+01,3.882015991210937500e+01
1.247137928009033203e+01,5.388514709472656250e+01,4.079417419433593750e+01
1.170321750640869141e+01,5.362460708618164062e+01,4.069795989990234375e+01
1.127828884124755859e+01,5.047496414184570312e+01,4.044507217407226562e+01
1.123085021972656250e+01,4.946040725708007812e+01,4.083283233642578125e+01
1.658019447326660156e+01,4.922441482543945312e+01,5.810246276855468750e+01
1.654143714904785156e+01,4.978922271728515625e+01,5.782705688476562500e+01
1.715789413452148438e+01,5.008026123046875000e+01,5.833267593383789062e+01
1.111939716339111328e+01,5.306682205200195312e+01,4.074399185180664062e+01
1.157738685607910156e+01,5.340236282348632812e+01,4.008694076538085938e+01
1.206723594665527344e+01,5.368326187133789062e+01,3.977619171142578125e+01
1.375239562988281250e+01,5.440978240966796875e+01,3.763737869262695312e+01
1.151978874206542969e+01,5.237646102905273438e+01,4.814534759521484375e+01
1.694153022766113281e+01,4.560779571533203125e+01,6.024343490600585938e+01
1.670348167419433594e+01,4.440016555786132812e+01,6.053124618530273438e+01
1.176495075225830078e+01,5.020760726928710938e+01,3.871218109130859375e+01
1.155047607421875000e+01,4.980335998535156250e+01,3.925803756713867188e+01
1.927643203735351562e+01,4.287475585937500000e+01,6.261058425903320312e+01
1.851970672607421875e+01,4.317589187622070312e+01,6.232662200927734375e+01
3.533678054809570312e+01,4.202451324462890625e+01,5.982822418212890625e+01
3.582515335083007812e+01,4.586045455932617188e+01,5.889924240112304688e+01
1.400858592987060547e+01,5.363241195678710938e+01,5.119314193725585938e+01
1.299758625030517578e+01,5.440610504150390625e+01,5.171770095825195312e+01
1.134536552429199219e+01,5.389189529418945312e+01,4.775366592407226562e+01
1.043700885772705078e+01,5.218509674072265625e+01,4.641260528564453125e+01
1.058069133758544922e+01,5.172954559326171875e+01,4.717824935913085938e+01
1.040369129180908203e+01,5.268537521362304688e+01,4.717489624023437500e+01
1.814878654479980469e+01,5.199776840209960938e+01,5.841966629028320312e+01
1.884280204772949219e+01,5.176972579956054688e+01,5.890332031250000000e+01
2.354967117309570312e+01,4.441290664672851562e+01,2.865578842163085938e+01
2.412196350097656250e+01,4.440866851806640625e+01,2.868001556396484375e+01
2.830509757995605469e+01,5.235285568237304688e+01,6.253261184692382812e+01
2.826674842834472656e+01,5.329916381835937500e+01,6.188882446289062500e+01
2.920759963989257812e+01,5.265660858154296875e+01,6.181111526489257812e+01
1.330921077728271484e+01,4.539646148681640625e+01,3.806914138793945312e+01
1.859671783447265625e+01,4.781523895263671875e+01,6.054308700561523438e+01
1.796993064880371094e+01,4.720449066162109375e+01,6.034022903442382812e+01
1.190182399749755859e+01,4.832212066650390625e+01,3.810649871826171875e+01
2.979009437561035156e+01,3.915022659301757812e+01,6.345098114013671875e+01
2.358451461791992188e+01,4.168159103393554688e+01,6.424897003173828125e+01
1.472179698944091797e+01,4.471380996704101562e+01,3.576968383789062500e+01
1.459885501861572266e+01,4.510309982299804688e+01,3.495780181884765625e+01
1.202135467529296875e+01,4.707587814331054688e+01,4.963695144653320312e+01
1.179895973205566406e+01,4.750283432006835938e+01,4.882885742187500000e+01
1.459219169616699219e+01,4.464534378051757812e+01,3.668831634521484375e+01
1.096266460418701172e+01,5.136709976196289062e+01,4.133675003051757812e+01
1.084090518951416016e+01,5.239085006713867188e+01,4.121385574340820312e+01
1.125678920745849609e+01,5.225686264038085938e+01,4.991077041625976562e+01
2.939837646484375000e+01,4.705878829956054688e+01,6.359127807617187500e+01
2.896691131591796875e+01,4.631725311279296875e+01,6.372068786621093750e+01
2.993683433532714844e+01,4.623626708984375000e+01,6.343132781982421875e+01
1.117294025421142578e+01,4.856195068359375000e+01,4.159440612792968750e+01
1.103110313415527344e+01,4.901069259643554688e+01,4.217375183105468750e+01
1.112939834594726562e+01,4.820211410522460938e+01,4.259405517578125000e+01
1.428764152526855469e+01,5.465150070190429688e+01,3.618023681640625000e+01
1.503941440582275391e+01,5.495705032348632812e+01,3.572232818603515625e+01
1.270617675781250000e+01,5.282187271118164062e+01,3.642727279663085938e+01
1.112809753417968750e+01,4.941033554077148438e+01,4.616650009155273438e+01
1.119455718994140625e+01,4.863566207885742188e+01,4.574751663208007812e+01
1.131173706054687500e+01,4.879299163818359375e+01,4.674226379394531250e+01
1.097324562072753906e+01,4.912381362915039062e+01,4.341189956665039062e+01
1.111150360107421875e+01,4.822227478027343750e+01,4.373451995849609375e+01
1.101885890960693359e+01,4.877943038940429688e+01,4.285374069213867188e+01
2.861132049560546875e+01,4.153451538085937500e+01,6.386638259887695312e+01
2.953276634216308594e+01,4.108376693725585938e+01,6.351611709594726562e+01
1.199299430847167969e+01,4.663068771362304688e+01,4.228968429565429688e+01
1.141601943969726562e+01,4.753223419189453125e+01,4.195906829833984375e+01
2.112355995178222656e+01,5.672203063964843750e+01,3.079323959350585938e+01
2.084151268005371094e+01,5.304700469970703125e+01,2.772781181335449219e+01
2.075631713867187500e+01,5.234009170532226562e+01,2.771545028686523438e+01
2.013092422485351562e+01,5.252588653564453125e+01,2.800875473022460938e+01
1.480899143218994141e+01,4.914786911010742188e+01,5.577896118164062500e+01
1.500991916656494141e+01,4.847583389282226562e+01,5.638265609741210938e+01
1.443020057678222656e+01,4.839154434204101562e+01,5.559856796264648438e+01
1.110212326049804688e+01,5.357686614990234375e+01,4.556676483154296875e+01
1.090218257904052734e+01,5.176906967163085938e+01,4.899329376220703125e+01
2.314709472656250000e+01,4.542228317260742188e+01,2.760676765441894531e+01
1.207671642303466797e+01,4.756293106079101562e+01,5.039409255981445312e+01
1.231349754333496094e+01,4.800359344482421875e+01,5.157970428466796875e+01
2.356080818176269531e+01,5.479745864868164062e+01,6.196648025512695312e+01
2.429409599304199219e+01,5.550079727172851562e+01,6.175536727905273438e+01
2.836840820312500000e+01,4.051857376098632812e+01,6.395315170288085938e+01
2.947427177429199219e+01,4.017397689819335938e+01,6.360692596435546875e+01
2.841112518310546875e+01,3.947820281982421875e+01,6.389372634887695312e+01
1.048417377471923828e+01,5.229338455200195312e+01,4.813059234619140625e+01
1.153850650787353516e+01,5.368291091918945312e+01,4.193994140625000000e+01
1.191393470764160156e+01,5.378163909912109375e+01,4.136706924438476562e+01
1.275768470764160156e+01,4.621586227416992188e+01,5.312754821777343750e+01
1.360128879547119141e+01,4.572151947021484375e+01,5.539385223388671875e+01
1.254464435577392578e+01,4.614091873168945312e+01,4.263018798828125000e+01
1.179548645019531250e+01,4.686464309692382812e+01,4.324705505371093750e+01
1.246818161010742188e+01,4.620646286010742188e+01,4.369644546508789062e+01
1.204906940460205078e+01,4.935103988647460938e+01,4.998398208618164062e+01
3.460725784301757812e+01,4.167138671875000000e+01,6.049855422973632812e+01
3.468860626220703125e+01,4.260944366455078125e+01,6.024653625488281250e+01
1.192821216583251953e+01,4.806294250488281250e+01,4.976226806640625000e+01
1.178334999084472656e+01,4.817709732055664062e+01,4.904279708862304688e+01
1.189216423034667969e+01,4.877117156982421875e+01,4.950707244873046875e+01
1.294369029998779297e+01,5.401924514770507812e+01,3.990964126586914062e+01
1.561825752258300781e+01,5.408695220947265625e+01,5.642747497558593750e+01
1.517896938323974609e+01,5.321947097778320312e+01,5.597813796997070312e+01
1.591833019256591797e+01,5.269614791870117188e+01,3.158666229248046875e+01
1.578258609771728516e+01,5.160033416748046875e+01,3.159182167053222656e+01
1.615188026428222656e+01,5.195303726196289062e+01,3.119720458984375000e+01
1.224341392517089844e+01,4.967034912109375000e+01,5.071813201904296875e+01
1.207415390014648438e+01,4.873386764526367188e+01,5.035422897338867188e+01
1.280403804779052734e+01,4.590743255615234375e+01,5.262540054321289062e+01
1.190722942352294922e+01,4.905280685424804688e+01,3.805147171020507812e+01
3.257869338989257812e+01,4.626908493041992188e+01,6.176356506347656250e+01
3.189291763305664062e+01,4.609229278564453125e+01,6.231312179565429688e+01
2.518669700622558594e+01,5.390021896362304688e+01,6.243954467773437500e+01
2.583638191223144531e+01,5.322495269775390625e+01,6.261141586303710938e+01
2.521648979187011719e+01,5.292854309082031250e+01,6.271884918212890625e+01
1.363875865936279297e+01,5.188278579711914062e+01,5.351771163940429688e+01
1.415937805175781250e+01,5.129595565795898438e+01,5.425019836425781250e+01
2.280828094482421875e+01,4.831483459472656250e+01,6.280047988891601562e+01
2.265597724914550781e+01,4.931977844238281250e+01,6.252661132812500000e+01
2.337210273742675781e+01,4.904875564575195312e+01,6.289175796508789062e+01
2.265967369079589844e+01,4.738734436035156250e+01,6.293787384033203125e+01
2.332131576538085938e+01,4.663866043090820312e+01,6.334689331054687500e+01
2.336478996276855469e+01,4.757460021972656250e+01,6.316026687622070312e+01
1.417031097412109375e+01,5.488642883300781250e+01,5.221164321899414062e+01
1.399059867858886719e+01,5.359604263305664062e+01,5.247681427001953125e+01
1.353522109985351562e+01,4.548978042602539062e+01,5.439504241943359375e+01
1.282607555389404297e+01,4.905973052978515625e+01,3.607407379150390625e+01
1.528216552734375000e+01,4.598302459716796875e+01,5.828314208984375000e+01
1.602626419067382812e+01,4.654465103149414062e+01,5.894203567504882812e+01
1.547572326660156250e+01,4.528470993041992188e+01,5.870870590209960938e+01
1.336009120941162109e+01,4.583349227905273438e+01,5.469779586791992188e+01
2.195171737670898438e+01,4.999341583251953125e+01,6.203002166748046875e+01
2.145654487609863281e+01,4.204080200195312500e+01,6.327191543579101562e+01
3.007358169555664062e+01,5.443716812133789062e+01,2.832460975646972656e+01
3.055023002624511719e+01,5.403343582153320312e+01,2.795814323425292969e+01
3.386669921875000000e+01,4.442635726928710938e+01,6.065733337402343750e+01
3.425990295410156250e+01,4.390096282958984375e+01,6.036083984375000000e+01
3.317418670654296875e+01,4.554650497436523438e+01,5.971234512329101562e+01
1.070636081695556641e+01,5.330821609497070312e+01,4.626680374145507812e+01
3.515425872802734375e+01,4.578559112548828125e+01,5.960080337524414062e+01
2.986867523193359375e+01,4.269372177124023438e+01,6.334811782836914062e+01
2.925283432006835938e+01,4.317383956909179688e+01,6.358513259887695312e+01
2.887829399108886719e+01,4.258588027954101562e+01,6.372869873046875000e+01
1.114179420471191406e+01,5.346657180786132812e+01,4.276365661621093750e+01
1.067621803283691406e+01,5.280511093139648438e+01,4.328591537475585938e+01
1.078988742828369141e+01,5.302957534790039062e+01,4.258254241943359375e+01
2.102076911926269531e+01,4.288928985595703125e+01,6.328255081176757812e+01
1.069280815124511719e+01,5.120975112915039062e+01,4.599022674560546875e+01
1.076413440704345703e+01,5.081744003295898438e+01,4.496103286743164062e+01
1.701950454711914062e+01,4.756665802001953125e+01,2.952588081359863281e+01
2.291477584838867188e+01,4.389567565917968750e+01,6.383898925781250000e+01
2.993740081787109375e+01,4.357889556884765625e+01,6.332777023315429688e+01
3.368938064575195312e+01,4.378733444213867188e+01,6.085821533203125000e+01
2.449302291870117188e+01,5.302983856201171875e+01,6.260288238525390625e+01
2.421040916442871094e+01,5.207506561279296875e+01,6.268161392211914062e+01
2.377993583679199219e+01,5.277097320556640625e+01,6.238545608520507812e+01
2.878067398071289062e+01,4.481430435180664062e+01,6.373435211181640625e+01
2.910321998596191406e+01,4.388953781127929688e+01,6.362613677978515625e+01
3.352485275268554688e+01,4.322211456298828125e+01,6.110503005981445312e+01
3.408789062500000000e+01,4.315599441528320312e+01,6.062603759765625000e+01
3.316972732543945312e+01,4.455889892578125000e+01,6.124202346801757812e+01
2.594026756286621094e+01,5.130949020385742188e+01,6.320865249633789062e+01
2.671098518371582031e+01,5.147266769409179688e+01,6.318840026855468750e+01
2.219836044311523438e+01,5.404137802124023438e+01,6.123439025878906250e+01
1.135227108001708984e+01,4.794487380981445312e+01,4.612250137329101562e+01
1.157336139678955078e+01,4.717063522338867188e+01,4.577519226074218750e+01
1.092629909515380859e+01,5.080612182617187500e+01,4.198588180541992188e+01
1.930963516235351562e+01,5.530801391601562500e+01,5.805179977416992188e+01
3.685474014282226562e+01,3.990433883666992188e+01,5.909881973266601562e+01
1.112625694274902344e+01,5.108268356323242188e+01,4.851610946655273438e+01
1.080518817901611328e+01,5.348645401000976562e+01,4.719915008544921875e+01
1.913097763061523438e+01,4.375308609008789062e+01,6.270771026611328125e+01
1.131867408752441406e+01,4.779611587524414062e+01,4.524467849731445312e+01
1.060402011871337891e+01,5.306191253662109375e+01,4.555703735351562500e+01
1.047252368927001953e+01,5.231476593017578125e+01,4.537092208862304688e+01
1.930890083312988281e+01,5.468126296997070312e+01,5.848752212524414062e+01
1.870294380187988281e+01,5.486541748046875000e+01,5.811580657958984375e+01
1.134834384918212891e+01,4.758386230468750000e+01,4.441916656494140625e+01
1.113809013366699219e+01,4.842002487182617188e+01,4.482691192626953125e+01
1.065720462799072266e+01,5.178125381469726562e+01,4.298265457153320312e+01
1.068166160583496094e+01,5.238863754272460938e+01,4.223488616943359375e+01
1.154450130462646484e+01,4.739085388183593750e+01,4.654376602172851562e+01
1.261533546447753906e+01,4.860844802856445312e+01,5.212891387939453125e+01
1.255247974395751953e+01,4.780660247802734375e+01,5.241670608520507812e+01
1.220277309417724609e+01,5.423295593261718750e+01,4.955868530273437500e+01
1.168010425567626953e+01,5.405670547485351562e+01,4.861375045776367188e+01
1.156395816802978516e+01,5.373143768310546875e+01,4.365401077270507812e+01
1.254003906250000000e+01,4.617240905761718750e+01,5.178554153442382812e+01
1.197461318969726562e+01,4.655783462524414062e+01,4.547990417480468750e+01
2.548386573791503906e+01,5.464078903198242188e+01,2.710731315612792969e+01
2.521983528137207031e+01,5.382318878173828125e+01,2.650740432739257812e+01
3.475052642822265625e+01,4.740437316894531250e+01,5.959218597412109375e+01
3.290758132934570312e+01,4.788293075561523438e+01,5.974329376220703125e+01
2.816756439208984375e+01,5.136564636230468750e+01,6.306943511962890625e+01
2.905763053894042969e+01,5.151808166503906250e+01,6.271170425415039062e+01
2.194594001770019531e+01,4.388583755493164062e+01,2.941373443603515625e+01
2.126263809204101562e+01,4.408017349243164062e+01,2.919291305541992188e+01
3.188550376892089844e+01,4.883761978149414062e+01,6.204911422729492188e+01
3.142502593994140625e+01,4.805170440673828125e+01,6.255100250244140625e+01
1.246968746185302734e+01,4.659604263305664062e+01,5.231175994873046875e+01
1.413214778900146484e+01,5.359646606445312500e+01,3.442445755004882812e+01
1.359463119506835938e+01,5.325033950805664062e+01,3.504982757568359375e+01
1.234960079193115234e+01,4.638355636596679688e+01,4.898341751098632812e+01
1.338157463073730469e+01,4.645499038696289062e+01,5.494570922851562500e+01
1.141956233978271484e+01,5.387534332275390625e+01,4.920504760742187500e+01
1.089932060241699219e+01,5.006143188476562500e+01,4.458268737792968750e+01
1.883883857727050781e+01,5.400426101684570312e+01,5.848509597778320312e+01
1.856379508972167969e+01,5.301012420654296875e+01,5.851387786865234375e+01
2.762297058105468750e+01,4.001300430297851562e+01,6.411483764648437500e+01
2.732051277160644531e+01,4.054100036621093750e+01,6.420790863037109375e+01
1.193533039093017578e+01,4.665728378295898438e+01,4.652317428588867188e+01
2.116266822814941406e+01,4.475888061523437500e+01,2.844915008544921875e+01
1.120243930816650391e+01,5.108674240112304688e+01,4.045938110351562500e+01
1.102736568450927734e+01,5.186985778808593750e+01,4.058092498779296875e+01
1.182408046722412109e+01,4.985720443725585938e+01,4.909858703613281250e+01
1.162770843505859375e+01,4.939248657226562500e+01,4.828520584106445312e+01
1.402835369110107422e+01,5.476030731201171875e+01,5.126264190673828125e+01
1.146404647827148438e+01,5.386202621459960938e+01,4.666792678833007812e+01
2.550456619262695312e+01,4.546097564697265625e+01,6.416275787353515625e+01
2.624617958068847656e+01,4.518656158447265625e+01,6.414726257324218750e+01
2.596806526184082031e+01,4.623054504394531250e+01,6.401354980468750000e+01
1.179817485809326172e+01,4.707473754882812500e+01,4.801869201660156250e+01
2.950022506713867188e+01,5.326121139526367188e+01,6.048812484741210938e+01
2.897664070129394531e+01,5.336931228637695312e+01,6.120759963989257812e+01
3.258086395263671875e+01,4.805907821655273438e+01,6.167091369628906250e+01
3.316249084472656250e+01,4.812696456909179688e+01,6.111501312255859375e+01
2.892495918273925781e+01,3.885032272338867188e+01,6.363787841796875000e+01
1.387486839294433594e+01,4.725441741943359375e+01,5.545835113525390625e+01
3.282291793823242188e+01,4.895104980468750000e+01,6.122298049926757812e+01
3.338457489013671875e+01,4.916676330566406250e+01,6.054346466064453125e+01
3.308842849731445312e+01,4.986472702026367188e+01,6.058226394653320312e+01
2.656462097167968750e+01,5.052021026611328125e+01,6.341179656982421875e+01
3.175365829467773438e+01,5.074179840087890625e+01,6.159751892089843750e+01
2.741123008728027344e+01,5.305565643310546875e+01,6.243415069580078125e+01
3.023763084411621094e+01,4.920644378662109375e+01,6.297808456420898438e+01
2.992047691345214844e+01,5.000800704956054688e+01,6.296762847900390625e+01
1.689004516601562500e+01,5.563021087646484375e+01,5.511354827880859375e+01
1.399896812438964844e+01,4.660656738281250000e+01,5.612562942504882812e+01
1.367265605926513672e+01,4.650739669799804688e+01,5.557359313964843750e+01
3.141821670532226562e+01,4.695359802246093750e+01,6.266296005249023438e+01
1.705228424072265625e+01,5.493445587158203125e+01,5.739472961425781250e+01
1.768457031250000000e+01,5.525453948974609375e+01,5.751186752319335938e+01
1.697713088989257812e+01,5.550361633300781250e+01,5.703161621093750000e+01
1.662191581726074219e+01,5.315027618408203125e+01,5.727769851684570312e+01
1.590273284912109375e+01,5.323343658447265625e+01,5.671907043457031250e+01
1.613442039489746094e+01,5.369622421264648438e+01,5.692094421386718750e+01
3.046828079223632812e+01,5.065015411376953125e+01,6.251121902465820312e+01
3.111411666870117188e+01,5.064024353027343750e+01,6.213097381591796875e+01
2.272820281982421875e+01,5.614102554321289062e+01,6.063228988647460938e+01
2.383808708190917969e+01,5.122523880004882812e+01,6.268048095703125000e+01
2.312178421020507812e+01,5.139031982421875000e+01,6.227678680419921875e+01
2.359568786621093750e+01,5.187936401367187500e+01,6.243311309814453125e+01
2.337256240844726562e+01,4.979627990722656250e+01,6.275137329101562500e+01
2.407579231262207031e+01,4.942662429809570312e+01,6.310116577148437500e+01
2.397100639343261719e+01,5.031875228881835938e+01,6.291199874877929688e+01
1.231400394439697266e+01,5.204682540893554688e+01,5.135517883300781250e+01
1.185537338256835938e+01,5.265837478637695312e+01,5.078570175170898438e+01
1.200644302368164062e+01,5.150486755371093750e+01,5.055172729492187500e+01
1.824231910705566406e+01,5.057727050781250000e+01,5.897774505615234375e+01
2.790659141540527344e+01,4.836943054199218750e+01,6.368055343627929688e+01
2.853540802001953125e+01,4.775006103515625000e+01,6.367498397827148438e+01
2.744037818908691406e+01,4.728954315185546875e+01,6.378126144409179688e+01
2.741739273071289062e+01,5.008637237548828125e+01,6.347423171997070312e+01
2.732537460327148438e+01,4.914031982421875000e+01,6.362544250488281250e+01
2.664458465576171875e+01,4.945088577270507812e+01,6.357975387573242188e+01
2.532304954528808594e+01,5.059020233154296875e+01,2.571867752075195312e+01
1.221825218200683594e+01,4.641747665405273438e+01,4.816759109497070312e+01
1.082672119140625000e+01,5.326987838745117188e+01,4.899608230590820312e+01
1.053006458282470703e+01,5.280800247192382812e+01,4.842832946777343750e+01
1.196902179718017578e+01,4.667260360717773438e+01,4.739787673950195312e+01
1.646547317504882812e+01,5.536884307861328125e+01,5.408195877075195312e+01
3.195100021362304688e+01,4.985274124145507812e+01,6.178505706787109375e+01
2.574437713623046875e+01,5.213123703002929688e+01,6.295893096923828125e+01
2.970939826965332031e+01,5.087016296386718750e+01,6.278333282470703125e+01
2.025976562500000000e+01,4.457044219970703125e+01,6.289648818969726562e+01
1.945165824890136719e+01,4.470712661743164062e+01,6.262639999389648438e+01
2.018272972106933594e+01,4.550745773315429688e+01,6.252234649658203125e+01
1.282186889648437500e+01,4.766008758544921875e+01,5.310965728759765625e+01
1.256528472900390625e+01,4.714549255371093750e+01,5.271753311157226562e+01
3.752038192749023438e+01,3.973034667968750000e+01,5.850780105590820312e+01
3.726791000366210938e+01,4.051568603515625000e+01,5.872185897827148438e+01
3.313787841796875000e+01,4.668171310424804688e+01,6.128154754638671875e+01
1.311537456512451172e+01,4.871886062622070312e+01,5.309133529663085938e+01
1.362472152709960938e+01,4.948727416992187500e+01,5.369456863403320312e+01
3.109182929992675781e+01,5.219507980346679688e+01,6.021861267089843750e+01
3.033155822753906250e+01,5.274245834350585938e+01,6.016843032836914062e+01
3.362520980834960938e+01,4.708560943603515625e+01,6.081437301635742188e+01
2.154953002929687500e+01,4.725160598754882812e+01,6.251891326904296875e+01
2.146511268615722656e+01,4.828263092041015625e+01,6.222595214843750000e+01
2.082060241699218750e+01,4.781548690795898438e+01,6.203602600097656250e+01
3.146107673645019531e+01,4.541458892822265625e+01,6.261486434936523438e+01
3.224893951416015625e+01,4.535125732421875000e+01,6.198547363281250000e+01
1.333400249481201172e+01,5.040969467163085938e+01,5.290865707397460938e+01
2.534024238586425781e+01,5.462033843994140625e+01,6.204751205444335938e+01
2.443720054626464844e+01,5.477293014526367188e+01,6.218064498901367188e+01
2.503512954711914062e+01,5.513594055175781250e+01,6.176324081420898438e+01
2.205889511108398438e+01,5.324337768554687500e+01,6.124634933471679688e+01
1.322533130645751953e+01,4.960921478271484375e+01,3.529361724853515625e+01
1.318540573120117188e+01,5.043558120727539062e+01,3.537015914916992188e+01
3.130025291442871094e+01,4.974539947509765625e+01,6.227067565917968750e+01
3.070423889160156250e+01,4.975233459472656250e+01,6.262720489501953125e+01
2.009027481079101562e+01,5.553910064697265625e+01,5.806955718994140625e+01
2.080970382690429688e+01,5.556237030029296875e+01,5.862926101684570312e+01
2.266836547851562500e+01,5.017347335815429688e+01,6.233528137207031250e+01
2.320983695983886719e+01,5.058404541015625000e+01,6.250798034667968750e+01
1.805710411071777344e+01,4.608099365234375000e+01,6.090327453613281250e+01
1.867878723144531250e+01,4.626740646362304688e+01,6.124905014038085938e+01
1.868610954284667969e+01,4.548725891113281250e+01,6.175090026855468750e+01
2.806960678100585938e+01,5.066930007934570312e+01,6.331292343139648438e+01
2.889913558959960938e+01,5.357753372192382812e+01,6.074979019165039062e+01
3.425101852416992188e+01,4.672034072875976562e+01,6.026881408691406250e+01
3.416997528076171875e+01,4.744264602661132812e+01,6.023317718505859375e+01
1.934041976928710938e+01,5.258068084716796875e+01,5.904441070556640625e+01
1.946733283996582031e+01,5.175190734863281250e+01,5.930936050415039062e+01
1.531219387054443359e+01,4.451185607910156250e+01,5.794158554077148438e+01
1.751376914978027344e+01,4.419385147094726562e+01,6.153082275390625000e+01
3.537738800048828125e+01,4.661097335815429688e+01,5.913401794433593750e+01
1.740917968750000000e+01,5.096513366699218750e+01,5.822072219848632812e+01
1.691286659240722656e+01,5.135635375976562500e+01,5.768151855468750000e+01
1.733592033386230469e+01,4.735099411010742188e+01,5.978277206420898438e+01
1.740035629272460938e+01,4.650900268554687500e+01,6.021893310546875000e+01
1.333262729644775391e+01,4.972670364379882812e+01,5.304705047607421875e+01
2.446806335449218750e+01,4.852831649780273438e+01,6.334489059448242188e+01
2.484133529663085938e+01,4.933748626708984375e+01,6.332959365844726562e+01
3.216739654541015625e+01,4.457406616210937500e+01,6.207818222045898438e+01
2.664907455444335938e+01,4.669269561767578125e+01,6.391534042358398438e+01
2.698480224609375000e+01,4.574851989746093750e+01,6.401309967041015625e+01
2.703419113159179688e+01,4.207378005981445312e+01,6.421000671386718750e+01
3.538571166992187500e+01,4.806201171875000000e+01,5.782493591308593750e+01
2.098321914672851562e+01,4.595455169677734375e+01,6.263242340087890625e+01
2.026963043212890625e+01,4.619768524169921875e+01,6.229152297973632812e+01
3.359977722167968750e+01,4.970455169677734375e+01,5.993211746215820312e+01
3.325371170043945312e+01,5.040232086181640625e+01,5.958316040039062500e+01
2.422332954406738281e+01,4.317808151245117188e+01,6.430565643310546875e+01
2.331412506103515625e+01,4.314039993286132812e+01,6.409904479980468750e+01
1.161485195159912109e+01,5.077060317993164062e+01,3.919802093505859375e+01
3.286759185791015625e+01,4.525056076049804688e+01,6.144648361206054688e+01
2.759803771972656250e+01,5.193472671508789062e+01,6.295283508300781250e+01
2.681894111633300781e+01,5.222646331787109375e+01,6.291641998291015625e+01
2.109243965148925781e+01,4.420528411865234375e+01,6.318643951416015625e+01
1.203662014007568359e+01,5.164359664916992188e+01,3.790306854248046875e+01
1.513701629638671875e+01,5.157617950439453125e+01,5.588334655761718750e+01
1.583449554443359375e+01,5.131317520141601562e+01,5.663190841674804688e+01
1.553405189514160156e+01,5.235933303833007812e+01,5.635079574584960938e+01
1.154716682434082031e+01,4.718044281005859375e+01,4.504350662231445312e+01
1.180164432525634766e+01,4.678343582153320312e+01,4.446606445312500000e+01
2.371334457397460938e+01,4.109264373779296875e+01,6.421313476562500000e+01
3.042352294921875000e+01,4.140357589721679688e+01,6.313478088378906250e+01
1.675141906738281250e+01,4.852286911010742188e+01,5.861460876464843750e+01
1.762797737121582031e+01,4.873409271240234375e+01,5.928981399536132812e+01
3.607421493530273438e+01,4.441139984130859375e+01,5.896719741821289062e+01
3.553759384155273438e+01,4.498721313476562500e+01,5.937820053100585938e+01
3.540923309326171875e+01,4.389350891113281250e+01,5.956488800048828125e+01
2.159225845336914062e+01,4.331320190429687500e+01,6.345985794067382812e+01
3.472703170776367188e+01,4.450846099853515625e+01,6.001877593994140625e+01
3.540306854248046875e+01,4.115174102783203125e+01,5.998678588867187500e+01
3.591098785400390625e+01,4.154631423950195312e+01,5.949500656127929688e+01
3.620931625366210938e+01,4.086283111572265625e+01,5.944885635375976562e+01
2.296112632751464844e+01,5.440185546875000000e+01,2.746836662292480469e+01
2.210101127624511719e+01,5.425124359130859375e+01,2.772858810424804688e+01
2.221507263183593750e+01,5.484483718872070312e+01,2.805176544189453125e+01
2.101911735534667969e+01,4.682185745239257812e+01,2.745635414123535156e+01
2.015436172485351562e+01,4.653919601440429688e+01,2.771192550659179688e+01
2.462186622619628906e+01,4.068281555175781250e+01,6.445786285400390625e+01
1.603549003601074219e+01,4.930947875976562500e+01,5.740533065795898438e+01
1.612692260742187500e+01,4.865081024169921875e+01,5.788108062744140625e+01
2.631181716918945312e+01,4.855156707763671875e+01,6.365695953369140625e+01
1.458823871612548828e+01,4.512630844116210938e+01,5.723128509521484375e+01
1.459891700744628906e+01,4.568962860107421875e+01,5.740029907226562500e+01
3.162757682800292969e+01,4.385170364379882812e+01,6.250959014892578125e+01
2.853270912170410156e+01,4.873497390747070312e+01,6.358346176147460938e+01
1.383744335174560547e+01,4.595736694335937500e+01,5.606420898437500000e+01
1.432956314086914062e+01,4.626309585571289062e+01,5.682508850097656250e+01
2.403153991699218750e+01,4.785648345947265625e+01,6.333162689208984375e+01
2.370700263977050781e+01,4.853214263916015625e+01,6.311143875122070312e+01
2.799555587768554688e+01,4.221984100341796875e+01,6.398172760009765625e+01
2.550057411193847656e+01,4.808449172973632812e+01,6.362680053710937500e+01
2.216276359558105469e+01,4.790382385253906250e+01,6.261902618408203125e+01
2.238206100463867188e+01,4.660072326660156250e+01,6.300822448730468750e+01
2.812084579467773438e+01,4.290386962890625000e+01,6.391445541381835938e+01
2.859139633178710938e+01,4.342876434326171875e+01,6.376932144165039062e+01
2.094875526428222656e+01,4.508555603027343750e+01,6.290187072753906250e+01
2.153564834594726562e+01,4.649188613891601562e+01,6.269323348999023438e+01
2.823126220703125000e+01,4.429939651489257812e+01,6.384286117553710938e+01
1.780861854553222656e+01,4.509896850585937500e+01,6.136642074584960938e+01
2.009701538085937500e+01,4.462343215942382812e+01,2.866607093811035156e+01
2.278714179992675781e+01,4.232406997680664062e+01,6.396074676513671875e+01
2.300516700744628906e+01,4.141796493530273438e+01,6.392116928100585938e+01
1.514908504486083984e+01,5.397672271728515625e+01,5.589921188354492188e+01
1.297621917724609375e+01,4.635970306396484375e+01,3.652511596679687500e+01
1.848620986938476562e+01,5.383791351318359375e+01,2.883603668212890625e+01
1.841469192504882812e+01,5.314432907104492188e+01,2.883262252807617188e+01
1.939107513427734375e+01,5.375235366821289062e+01,2.842261886596679688e+01
2.532241439819335938e+01,4.004232788085937500e+01,6.435176086425781250e+01
2.600039672851562500e+01,4.981388854980468750e+01,6.347640228271484375e+01
1.313342571258544922e+01,5.259128570556640625e+01,3.558745574951171875e+01
1.809129714965820312e+01,5.464321517944335938e+01,2.927788925170898438e+01
1.868636894226074219e+01,5.479890441894531250e+01,2.904208564758300781e+01
1.712795829772949219e+01,4.456900405883789062e+01,6.100526809692382812e+01
2.357372474670410156e+01,5.500725936889648438e+01,2.761627006530761719e+01
3.163757324218750000e+01,5.180173492431640625e+01,5.963851928710937500e+01
2.285255813598632812e+01,4.935728836059570312e+01,2.668100547790527344e+01
1.580122947692871094e+01,5.542385101318359375e+01,5.567077636718750000e+01
1.523430442810058594e+01,5.463407516479492188e+01,5.579878997802734375e+01
1.593133831024169922e+01,5.550457000732421875e+01,5.503936386108398438e+01
1.764783477783203125e+01,5.580780410766601562e+01,5.610759735107421875e+01
1.654559326171875000e+01,5.572307968139648438e+01,5.596725082397460938e+01
2.648677635192871094e+01,4.553153610229492188e+01,2.792979621887207031e+01
2.623154449462890625e+01,4.644101333618164062e+01,2.706791305541992188e+01
1.576487064361572266e+01,5.520158386230468750e+01,3.499506759643554688e+01
2.018371391296386719e+01,5.526243209838867188e+01,2.892482376098632812e+01
1.603006362915039062e+01,4.998562240600585938e+01,5.709975814819335938e+01
1.354558753967285156e+01,4.809812927246093750e+01,5.427422332763671875e+01
2.836754226684570312e+01,5.120652770996093750e+01,2.573135757446289062e+01
2.877787399291992188e+01,5.078248596191406250e+01,2.585741424560546875e+01
2.792000389099121094e+01,5.086326217651367188e+01,2.555218887329101562e+01
1.293129539489746094e+01,4.713562774658203125e+01,3.618794250488281250e+01
1.555742549896240234e+01,4.921072387695312500e+01,3.162903976440429688e+01
2.936568450927734375e+01,4.986223983764648438e+01,2.620126914978027344e+01
2.893543624877929688e+01,4.929815673828125000e+01,2.602033996582031250e+01
2.951911735534667969e+01,4.919291687011718750e+01,2.652101135253906250e+01
2.848887443542480469e+01,5.008886337280273438e+01,2.570618057250976562e+01
2.981560897827148438e+01,5.175143814086914062e+01,6.221924972534179688e+01
1.466050243377685547e+01,5.153810882568359375e+01,3.308036804199218750e+01
1.665862274169921875e+01,5.044636535644531250e+01,5.771446990966796875e+01
1.286310482025146484e+01,5.013356018066406250e+01,3.602265930175781250e+01
1.495325374603271484e+01,4.469542694091796875e+01,5.738224411010742188e+01
1.291041564941406250e+01,5.444370651245117188e+01,5.100439453125000000e+01
1.236117362976074219e+01,5.396934127807617188e+01,5.120203018188476562e+01
1.090138244628906250e+01,5.357841491699218750e+01,4.832353973388671875e+01
1.296781349182128906e+01,5.404125976562500000e+01,3.894702911376953125e+01
1.502272796630859375e+01,5.451942062377929688e+01,3.401008224487304688e+01
2.949422836303710938e+01,4.769828033447265625e+01,6.350087738037109375e+01
2.086441993713378906e+01,5.140835952758789062e+01,6.077120590209960938e+01
3.026379966735839844e+01,3.969181060791015625e+01,6.330004119873046875e+01
3.095459365844726562e+01,3.948806762695312500e+01,6.296231842041015625e+01
1.226919841766357422e+01,4.615009307861328125e+01,4.058796310424804688e+01
1.791717529296875000e+01,5.575756072998046875e+01,5.695631790161132812e+01
1.242688655853271484e+01,4.619682312011718750e+01,4.456549072265625000e+01
1.127008533477783203e+01,5.342568588256835938e+01,4.131505584716796875e+01
2.610585212707519531e+01,4.871822738647460938e+01,2.570433998107910156e+01
2.698473548889160156e+01,4.851470184326171875e+01,2.573951721191406250e+01
2.664986228942871094e+01,4.919072341918945312e+01,2.545128059387207031e+01
2.509881782531738281e+01,4.799749374389648438e+01,2.620672035217285156e+01
1.443058395385742188e+01,5.223027801513671875e+01,5.474033355712890625e+01
2.712972831726074219e+01,4.821530532836914062e+01,6.370883560180664062e+01
1.545439243316650391e+01,4.800568389892578125e+01,5.735648345947265625e+01
2.236569786071777344e+01,4.331856536865234375e+01,6.372175216674804688e+01
2.730566787719726562e+01,4.941615676879882812e+01,2.540011978149414062e+01
1.402545166015625000e+01,4.997339248657226562e+01,5.429077911376953125e+01
2.176442909240722656e+01,4.920321273803710938e+01,6.214491271972656250e+01
2.535883140563964844e+01,4.866637420654296875e+01,2.593758392333984375e+01
2.557518386840820312e+01,4.949279403686523438e+01,2.568828392028808594e+01
2.557111549377441406e+01,5.507224655151367188e+01,6.096220397949218750e+01
2.908609580993652344e+01,5.204686355590820312e+01,6.236384963989257812e+01
1.781710243225097656e+01,4.436620712280273438e+01,2.980301094055175781e+01
3.266741561889648438e+01,4.130644989013671875e+01,6.205976104736328125e+01
1.799332809448242188e+01,4.786001205444335938e+01,2.879363059997558594e+01
1.748954391479492188e+01,4.734642410278320312e+01,2.912381553649902344e+01
1.809564208984375000e+01,4.711245727539062500e+01,2.873228645324707031e+01
3.210942459106445312e+01,4.111412048339843750e+01,6.244839477539062500e+01
1.833083343505859375e+01,4.626791763305664062e+01,2.865418815612792969e+01
3.436403656005859375e+01,4.942983245849609375e+01,5.856353759765625000e+01
1.750280380249023438e+01,4.563876342773437500e+01,6.073588562011718750e+01
3.420531845092773438e+01,4.922751998901367188e+01,5.936228179931640625e+01
2.009425735473632812e+01,5.071274566650390625e+01,6.041766738891601562e+01
2.061566734313964844e+01,5.040631484985351562e+01,6.103249359130859375e+01
2.056129264831542969e+01,4.683874511718750000e+01,6.220589447021484375e+01
2.022262573242187500e+01,4.761463165283203125e+01,6.176454544067382812e+01
2.385519218444824219e+01,5.592288970947265625e+01,6.131203079223632812e+01
2.478854560852050781e+01,5.558966445922851562e+01,6.117230224609375000e+01
1.986340713500976562e+01,4.952770233154296875e+01,6.085483551025390625e+01
1.934828948974609375e+01,4.984340667724609375e+01,6.029901504516601562e+01
2.839430999755859375e+01,4.690163421630859375e+01,6.376901626586914062e+01
1.683532333374023438e+01,5.222103881835937500e+01,5.745359039306640625e+01
1.607719612121582031e+01,5.212974929809570312e+01,5.685369873046875000e+01
1.637851715087890625e+01,5.151028823852539062e+01,5.715538406372070312e+01
1.668790054321289062e+01,4.729732131958007812e+01,5.924732208251953125e+01
1.724033164978027344e+01,4.798506927490234375e+01,5.935431671142578125e+01
3.680094146728515625e+01,4.142998886108398438e+01,5.891316604614257812e+01
2.801575088500976562e+01,4.926394271850585938e+01,6.356880950927734375e+01
1.878689575195312500e+01,4.732400894165039062e+01,2.833383750915527344e+01
2.017866516113281250e+01,5.348746490478515625e+01,2.806873321533203125e+01
1.808304023742675781e+01,5.071846008300781250e+01,2.931611061096191406e+01
2.179415321350097656e+01,4.935751342773437500e+01,2.720769500732421875e+01
2.224069595336914062e+01,5.024223327636718750e+01,2.691159248352050781e+01
2.602955627441406250e+01,4.498691558837890625e+01,2.831978034973144531e+01
2.552851676940917969e+01,4.578050231933593750e+01,2.742693138122558594e+01
2.085504341125488281e+01,4.883467864990234375e+01,6.176109313964843750e+01
2.924264335632324219e+01,4.567702865600585938e+01,6.364451599121093750e+01
1.201542854309082031e+01,5.352416229248046875e+01,5.096281814575195312e+01
1.238470840454101562e+01,5.322083663940429688e+01,5.178355789184570312e+01
1.858030891418457031e+01,4.697237014770507812e+01,6.086090469360351562e+01
3.350546646118164062e+01,4.855715942382812500e+01,6.063931274414062500e+01
3.277875137329101562e+01,5.065208053588867188e+01,6.032036590576171875e+01
3.066464996337890625e+01,4.793807220458984375e+01,2.861099052429199219e+01
2.817866706848144531e+01,4.997608947753906250e+01,6.343180084228515625e+01
2.734603500366210938e+01,5.101284027099609375e+01,6.330228042602539062e+01
2.297531890869140625e+01,5.649678421020507812e+01,2.978625488281250000e+01
2.285939598083496094e+01,5.609027862548828125e+01,2.910130500793457031e+01
3.151917457580566406e+01,5.223497009277343750e+01,2.668030548095703125e+01
1.678255653381347656e+01,5.322656631469726562e+01,3.043231773376464844e+01
1.749542427062988281e+01,5.306526184082031250e+01,2.958705329895019531e+01
1.723769760131835938e+01,5.236537170410156250e+01,2.988621520996093750e+01
3.375971221923828125e+01,4.788246536254882812e+01,6.055652999877929688e+01
3.398059844970703125e+01,4.855467987060546875e+01,6.009276199340820312e+01
1.981408309936523438e+01,5.112950515747070312e+01,2.830521011352539062e+01
1.941615295410156250e+01,5.277368545532226562e+01,2.831824493408203125e+01
2.238342857360839844e+01,4.540663528442382812e+01,2.769684791564941406e+01
2.170142745971679688e+01,4.537925720214843750e+01,2.782557487487792969e+01
1.634402656555175781e+01,5.488452529907226562e+01,3.215751647949218750e+01
2.314952278137207031e+01,5.394522857666015625e+01,6.189209747314453125e+01
2.294561386108398438e+01,4.860080718994140625e+01,2.680120849609375000e+01
2.279572677612304688e+01,4.787152099609375000e+01,2.695458030700683594e+01
1.447469139099121094e+01,4.793787002563476562e+01,3.324964523315429688e+01
2.551367568969726562e+01,4.437297439575195312e+01,2.893285179138183594e+01
1.798775100708007812e+01,4.805296325683593750e+01,5.995184707641601562e+01
1.858834648132324219e+01,4.852995681762695312e+01,6.022883987426757812e+01
2.431611251831054688e+01,4.747856521606445312e+01,2.653009986877441406e+01
1.991279983520507812e+01,5.585982131958007812e+01,2.956527328491210938e+01
2.597786331176757812e+01,3.964927291870117188e+01,6.417466735839843750e+01
2.534972000122070312e+01,4.667110443115234375e+01,2.675680351257324219e+01
2.473360443115234375e+01,4.657140350341796875e+01,2.678921127319335938e+01
2.501071357727050781e+01,4.739953231811523438e+01,2.641440010070800781e+01
2.603952980041503906e+01,5.462713241577148438e+01,6.154559326171875000e+01
1.551837635040283203e+01,4.676667785644531250e+01,5.824037170410156250e+01
3.076547241210937500e+01,5.337639236450195312e+01,2.732600021362304688e+01
3.164953994750976562e+01,5.153521347045898438e+01,2.674713134765625000e+01
3.142722702026367188e+01,5.084121322631835938e+01,2.708852386474609375e+01
2.526193618774414062e+01,5.524086761474609375e+01,2.772988319396972656e+01
2.466417694091796875e+01,5.486915969848632812e+01,2.728427696228027344e+01
2.421438026428222656e+01,5.524966812133789062e+01,2.770279121398925781e+01
3.383010864257812500e+01,4.156748199462890625e+01,6.108755493164062500e+01
1.945211410522460938e+01,5.532587432861328125e+01,2.915971183776855469e+01
1.946103096008300781e+01,5.468373489379882812e+01,2.873446083068847656e+01
2.049679565429687500e+01,5.072773361206054688e+01,2.785243606567382812e+01
2.133415031433105469e+01,5.017154693603515625e+01,2.737822723388671875e+01
1.293325233459472656e+01,5.197364044189453125e+01,3.588111495971679688e+01
1.308305454254150391e+01,5.121915817260742188e+01,3.557946395874023438e+01
3.522172927856445312e+01,4.750252532958984375e+01,5.892069244384765625e+01
2.722835922241210938e+01,5.238137817382812500e+01,2.583008575439453125e+01
2.689973831176757812e+01,5.136656188964843750e+01,2.545529937744140625e+01
2.790299987792968750e+01,5.193239593505859375e+01,2.580217361450195312e+01
2.314342308044433594e+01,5.178676223754882812e+01,2.657313346862792969e+01
3.477738952636718750e+01,4.638508605957031250e+01,5.982902145385742188e+01
2.374515151977539062e+01,5.600550079345703125e+01,2.881939888000488281e+01
1.626891136169433594e+01,5.116346740722656250e+01,3.102011871337890625e+01
1.628577423095703125e+01,5.553464508056640625e+01,5.642425918579101562e+01
1.637446975708007812e+01,4.478572845458984375e+01,5.998191833496093750e+01
2.022594833374023438e+01,5.450260543823242188e+01,2.843572235107421875e+01
3.208648300170898438e+01,4.195342254638671875e+01,6.243525695800781250e+01
3.137988090515136719e+01,4.217118835449218750e+01,6.279594421386718750e+01
1.967846488952636719e+01,4.386253738403320312e+01,2.958819198608398438e+01
2.047929000854492188e+01,4.388824844360351562e+01,2.947509193420410156e+01
2.444877815246582031e+01,4.138116455078125000e+01,6.448642730712890625e+01
2.540083122253417969e+01,4.132912826538085938e+01,6.454895019531250000e+01
2.386940383911132812e+01,5.146428680419921875e+01,2.630160713195800781e+01
3.448585128784179688e+01,4.838653945922851562e+01,5.950028610229492188e+01
3.208768463134765625e+01,5.113364410400390625e+01,6.084194946289062500e+01
3.033443069458007812e+01,4.459246826171875000e+01,6.318790435791015625e+01
2.954812622070312500e+01,4.436820983886718750e+01,6.348530578613281250e+01
2.618580055236816406e+01,5.476944351196289062e+01,2.733817863464355469e+01
2.692618179321289062e+01,5.431942749023437500e+01,2.706715583801269531e+01
2.168670463562011719e+01,5.670481491088867188e+01,3.043367385864257812e+01
1.157381439208984375e+01,4.732790374755859375e+01,4.097914505004882812e+01
2.820465278625488281e+01,4.775514221191406250e+01,2.669248199462890625e+01
2.212384033203125000e+01,5.647152328491210938e+01,2.979429054260253906e+01
2.128738021850585938e+01,5.636289215087890625e+01,2.981906509399414062e+01
3.244345092773437500e+01,4.052041625976562500e+01,6.226319122314453125e+01
3.465076828002929688e+01,4.346689987182617188e+01,6.011872863769531250e+01
3.532658767700195312e+01,4.298488235473632812e+01,5.970096969604492188e+01
2.808743286132812500e+01,4.823178482055664062e+01,2.617849159240722656e+01
2.733689117431640625e+01,4.799005889892578125e+01,2.615823745727539062e+01
1.204524230957031250e+01,4.767894363403320312e+01,3.794697570800781250e+01
3.067733764648437500e+01,4.392126464843750000e+01,6.301589584350585938e+01
2.053232002258300781e+01,4.955865097045898438e+01,6.132624816894531250e+01
2.044914817810058594e+01,5.524887084960937500e+01,5.881109237670898438e+01
2.180177307128906250e+01,5.531991958618164062e+01,6.065349960327148438e+01
2.125349617004394531e+01,5.514371490478515625e+01,6.001749038696289062e+01
2.699096488952636719e+01,4.503505706787109375e+01,2.862796211242675781e+01
2.646870803833007812e+01,4.458479309082031250e+01,2.899103546142578125e+01
1.956846046447753906e+01,4.995068359375000000e+01,2.817751312255859375e+01
1.716776657104492188e+01,5.515507507324218750e+01,3.071372032165527344e+01
1.672387886047363281e+01,5.471861267089843750e+01,3.113964271545410156e+01
1.711334800720214844e+01,5.436713027954101562e+01,3.017632675170898438e+01
2.446790313720703125e+01,5.211899566650390625e+01,2.613301086425781250e+01
1.749411010742187500e+01,5.023784255981445312e+01,2.969688606262207031e+01
1.788765525817871094e+01,5.399198150634765625e+01,2.926005935668945312e+01
2.218596649169921875e+01,4.864403533935546875e+01,2.711346626281738281e+01
3.067008018493652344e+01,4.990869903564453125e+01,2.718780899047851562e+01
2.762280273437500000e+01,4.368882369995117188e+01,6.397407913208007812e+01
1.553219795227050781e+01,4.926800918579101562e+01,5.669463348388671875e+01
1.542962455749511719e+01,5.013027191162109375e+01,5.625173568725585938e+01
1.672395133972167969e+01,5.559746170043945312e+01,3.368107223510742188e+01
1.675789260864257812e+01,5.553230667114257812e+01,3.288598632812500000e+01
2.452119827270507812e+01,5.323190689086914062e+01,2.636971092224121094e+01
2.511432075500488281e+01,5.270117187500000000e+01,2.596909713745117188e+01
1.396421909332275391e+01,4.779162597656250000e+01,3.416239547729492188e+01
1.883646965026855469e+01,5.571125030517578125e+01,2.969765281677246094e+01
1.420318508148193359e+01,4.538285064697265625e+01,5.662570953369140625e+01
1.226060771942138672e+01,4.666860961914062500e+01,5.034464263916015625e+01
2.479112815856933594e+01,5.109357070922851562e+01,6.304828262329101562e+01
2.504727363586425781e+01,5.200174713134765625e+01,6.291794967651367188e+01
1.996699714660644531e+01,5.496715545654296875e+01,5.867655563354492188e+01
1.376934051513671875e+01,4.536206436157226562e+01,5.525291442871093750e+01
1.175744056701660156e+01,5.209437942504882812e+01,3.855230331420898438e+01
1.479142189025878906e+01,5.508270645141601562e+01,5.371502685546875000e+01
1.424062919616699219e+01,5.493607711791992188e+01,5.304495620727539062e+01
1.411176395416259766e+01,5.471274185180664062e+01,5.358883666992187500e+01
1.603227233886718750e+01,5.436215972900390625e+01,5.680946350097656250e+01
1.636807060241699219e+01,5.500359725952148438e+01,5.695506286621093750e+01
1.659363937377929688e+01,5.424454498291015625e+01,5.724103546142578125e+01
1.759474945068359375e+01,5.280583190917968750e+01,5.793274307250976562e+01
2.645978546142578125e+01,5.280789184570312500e+01,6.271361541748046875e+01
1.331211757659912109e+01,4.671221542358398438e+01,3.568527603149414062e+01
1.498510837554931641e+01,4.507583236694335938e+01,5.795418167114257812e+01
3.242165374755859375e+01,5.042491149902343750e+01,6.111235809326171875e+01
1.088342952728271484e+01,5.303976821899414062e+01,4.175495147705078125e+01
2.469833564758300781e+01,4.444727706909179688e+01,2.865766525268554688e+01
1.777037620544433594e+01,4.364234924316406250e+01,6.180342102050781250e+01
1.197683429718017578e+01,4.661671447753906250e+01,4.394808197021484375e+01
1.309487628936767578e+01,4.575055694580078125e+01,3.711589431762695312e+01
2.741695404052734375e+01,4.281907653808593750e+01,6.406265258789062500e+01
2.480624389648437500e+01,4.765574264526367188e+01,6.357413864135742188e+01
2.512764930725097656e+01,4.671105194091796875e+01,6.386946105957031250e+01
2.559143066406250000e+01,4.727485656738281250e+01,6.378951263427734375e+01
2.563293075561523438e+01,4.896887588500976562e+01,6.351936721801757812e+01
2.914313125610351562e+01,4.959782791137695312e+01,6.332488632202148438e+01
2.971974182128906250e+01,4.524614334106445312e+01,6.346154403686523438e+01
2.247074508666992188e+01,5.186536026000976562e+01,6.180021286010742188e+01
2.303724288940429688e+01,5.222592926025390625e+01,6.206046295166015625e+01
2.906720733642578125e+01,4.828781890869140625e+01,6.353215026855468750e+01
3.054480361938476562e+01,4.535060119628906250e+01,6.313122558593750000e+01
1.116413593292236328e+01,4.992269515991210938e+01,4.687801742553710938e+01
1.544187545776367188e+01,5.251016235351562500e+01,3.222666168212890625e+01
1.512315368652343750e+01,5.152221298217773438e+01,3.242004776000976562e+01
3.242016220092773438e+01,3.968866348266601562e+01,6.224560546875000000e+01
3.172016525268554688e+01,5.166265869140625000e+01,6.043751907348632812e+01
1.059262180328369141e+01,5.220503616333007812e+01,4.360642623901367188e+01
1.073780632019042969e+01,5.093574142456054688e+01,4.380685043334960938e+01
2.723330116271972656e+01,4.573234939575195312e+01,2.800501251220703125e+01
3.079195404052734375e+01,4.873800659179687500e+01,6.278808975219726562e+01
2.500048255920410156e+01,4.600991439819335938e+01,6.401460266113281250e+01
3.010172462463378906e+01,4.787461853027343750e+01,2.803855895996093750e+01
2.670575523376464844e+01,4.327074050903320312e+01,6.419870758056640625e+01
1.360380744934082031e+01,5.471526718139648438e+01,5.169414901733398438e+01
2.953805732727050781e+01,4.771822357177734375e+01,2.765175819396972656e+01
1.913034820556640625e+01,5.044050216674804688e+01,5.975560760498046875e+01
2.284472656250000000e+01,4.675331115722656250e+01,2.700379943847656250e+01
2.215508460998535156e+01,4.722457122802734375e+01,2.718412017822265625e+01
1.295181369781494141e+01,4.941580963134765625e+01,5.242821121215820312e+01
1.300734710693359375e+01,5.014427185058593750e+01,5.233024597167968750e+01
1.253625392913818359e+01,4.935065078735351562e+01,5.162085342407226562e+01
2.169366836547851562e+01,4.681586456298828125e+01,2.732175636291503906e+01
1.963052558898925781e+01,4.702680969238281250e+01,2.792291259765625000e+01
1.943276023864746094e+01,4.780123519897460938e+01,2.799808692932128906e+01
1.948614501953125000e+01,4.870792770385742188e+01,2.799089050292968750e+01
1.934341049194335938e+01,4.555809783935546875e+01,2.819765281677246094e+01
2.840167045593261719e+01,4.878482437133789062e+01,2.591684532165527344e+01
1.268628311157226562e+01,5.256226730346679688e+01,5.228319549560546875e+01
1.616879844665527344e+01,5.517462539672851562e+01,5.327503967285156250e+01
3.128781509399414062e+01,4.884984970092773438e+01,2.849726104736328125e+01
3.073585891723632812e+01,4.904729461669921875e+01,2.778658294677734375e+01
2.630200767517089844e+01,5.526206588745117188e+01,2.803416061401367188e+01
1.854842567443847656e+01,5.201079177856445312e+01,2.886987495422363281e+01
2.856525993347167969e+01,5.486639785766601562e+01,2.824431037902832031e+01
1.758149528503417969e+01,5.504562759399414062e+01,2.994892883300781250e+01
1.756255912780761719e+01,5.443510055541992188e+01,2.965084457397460938e+01
2.770187759399414062e+01,5.510387039184570312e+01,2.822224235534667969e+01
2.222725677490234375e+01,5.588294219970703125e+01,6.066595077514648438e+01
2.814826774597167969e+01,5.521034622192382812e+01,2.860775184631347656e+01
2.449774932861328125e+01,5.419682312011718750e+01,2.681207656860351562e+01
2.393468475341796875e+01,5.375841522216796875e+01,2.677915954589843750e+01
2.388779449462890625e+01,5.462718200683593750e+01,2.720990180969238281e+01
2.047931861877441406e+01,4.997440719604492188e+01,2.773453712463378906e+01
2.109697151184082031e+01,5.174474334716796875e+01,2.753272247314453125e+01
2.048880386352539062e+01,5.171004104614257812e+01,2.787850570678710938e+01
2.149666976928710938e+01,5.110128021240234375e+01,2.730727577209472656e+01
2.049778747558593750e+01,5.178240585327148438e+01,6.018820190429687500e+01
1.978271484375000000e+01,5.123862457275390625e+01,5.978260040283203125e+01
1.914535903930664062e+01,4.870003509521484375e+01,6.061803817749023438e+01
1.881066894531250000e+01,4.921406173706054688e+01,6.013465881347656250e+01
2.496727752685546875e+01,5.007041931152343750e+01,6.326879882812500000e+01
2.569742012023925781e+01,5.055916976928710938e+01,6.333512496948242188e+01
2.549388122558593750e+01,4.258791351318359375e+01,6.445894622802734375e+01
2.610605049133300781e+01,4.222399902343750000e+01,6.444283294677734375e+01
1.393175888061523438e+01,4.798262023925781250e+01,5.504144668579101562e+01
2.702043914794921875e+01,5.493709564208984375e+01,2.775022888183593750e+01
2.771016693115234375e+01,4.137952041625976562e+01,6.408496856689453125e+01
3.010310554504394531e+01,4.924892044067382812e+01,2.704401397705078125e+01
2.091693305969238281e+01,5.318336105346679688e+01,6.016164779663085938e+01
2.037624549865722656e+01,5.348688888549804688e+01,5.956077957153320312e+01
2.100105857849121094e+01,5.410601043701171875e+01,6.002969741821289062e+01
1.322916412353515625e+01,4.821720504760742188e+01,5.360330581665039062e+01
1.295479488372802734e+01,5.091624069213867188e+01,5.224933624267578125e+01
1.276002120971679688e+01,5.161201477050781250e+01,5.207986450195312500e+01
1.570490074157714844e+01,4.745568084716796875e+01,5.809160995483398438e+01
1.609555435180664062e+01,4.793891906738281250e+01,5.827616882324218750e+01
1.785809135437011719e+01,4.966573333740234375e+01,5.908503341674804688e+01
1.722978591918945312e+01,4.920376586914062500e+01,5.873182678222656250e+01
1.355234718322753906e+01,5.467055511474609375e+01,5.238474273681640625e+01
1.492843437194824219e+01,5.241738510131835938e+01,5.565088653564453125e+01
1.541206932067871094e+01,5.097058105468750000e+01,5.616756439208984375e+01
1.496530818939208984e+01,5.040665817260742188e+01,5.564030075073242188e+01
1.313048744201660156e+01,4.755692291259765625e+01,5.381336975097656250e+01
1.612153244018554688e+01,4.726995086669921875e+01,5.869750976562500000e+01
2.537405204772949219e+01,4.469960784912109375e+01,2.844713211059570312e+01
2.216346740722656250e+01,5.327077102661132812e+01,2.727446365356445312e+01
2.321857261657714844e+01,5.361309432983398438e+01,2.701618576049804688e+01
2.126733589172363281e+01,4.768528366088867188e+01,2.739748382568359375e+01
3.261665344238281250e+01,4.980691146850585938e+01,6.117653656005859375e+01
2.874929809570312500e+01,5.091998291015625000e+01,6.309267425537109375e+01
2.104246139526367188e+01,4.935203170776367188e+01,2.746713447570800781e+01
2.153549957275390625e+01,5.449050140380859375e+01,6.056304550170898438e+01
2.379210662841796875e+01,4.525131607055664062e+01,6.388774871826171875e+01
2.520211982727050781e+01,4.484194946289062500e+01,6.423927307128906250e+01
2.472392082214355469e+01,4.534453201293945312e+01,6.412700653076171875e+01
3.609423446655273438e+01,4.512941741943359375e+01,5.878434753417968750e+01
1.349470615386962891e+01,5.437006378173828125e+01,5.312430572509765625e+01
1.308544635772705078e+01,5.421339797973632812e+01,5.253778457641601562e+01
1.300300502777099609e+01,5.358661270141601562e+01,5.283079528808593750e+01
2.280557823181152344e+01,5.452542877197265625e+01,6.159240722656250000e+01
2.341685676574707031e+01,5.548953628540039062e+01,6.164834213256835938e+01
1.895256614685058594e+01,5.107161331176757812e+01,5.924215698242187500e+01
1.856505012512207031e+01,4.973571777343750000e+01,5.967391967773437500e+01
2.415863990783691406e+01,4.602818679809570312e+01,6.380418777465820312e+01
3.080349731445312500e+01,4.306233978271484375e+01,6.298423385620117188e+01
1.920862579345703125e+01,4.615208816528320312e+01,6.169953918457031250e+01
1.917761611938476562e+01,4.683665847778320312e+01,6.135046005249023438e+01
1.999036216735839844e+01,5.208466339111328125e+01,5.957893371582031250e+01
2.001667976379394531e+01,5.301000976562500000e+01,5.940369796752929688e+01
1.724273300170898438e+01,5.401686096191406250e+01,5.762926864624023438e+01
1.517399406433105469e+01,5.492947769165039062e+01,3.482201004028320312e+01
2.801204872131347656e+01,4.556000518798828125e+01,6.391218948364257812e+01
2.214451026916503906e+01,4.857397460937500000e+01,6.245925903320312500e+01
2.485079765319824219e+01,4.422893142700195312e+01,6.427302551269531250e+01
1.428636169433593750e+01,4.715932083129882812e+01,5.622775268554687500e+01
1.137691402435302734e+01,4.959934997558593750e+01,3.994165420532226562e+01
1.077982616424560547e+01,5.154294586181640625e+01,4.214648818969726562e+01
1.566102313995361328e+01,4.874809646606445312e+01,5.716813659667968750e+01
2.793800926208496094e+01,5.388592529296875000e+01,2.707571411132812500e+01
1.459337234497070312e+01,4.489274597167968750e+01,5.682842636108398438e+01
2.413434791564941406e+01,4.698242950439453125e+01,6.353622817993164062e+01
1.089398288726806641e+01,5.326281356811523438e+01,4.393199157714843750e+01
1.060547828674316406e+01,5.165462493896484375e+01,4.462687683105468750e+01
1.098052978515625000e+01,4.929383850097656250e+01,4.419126129150390625e+01
2.038442611694335938e+01,4.759059524536132812e+01,2.761073684692382812e+01
1.102027606964111328e+01,4.942010879516601562e+01,4.524039459228515625e+01
1.241961860656738281e+01,4.639192962646484375e+01,4.981627273559570312e+01
3.304058074951171875e+01,4.374954223632812500e+01,6.144887161254882812e+01
3.310151672363281250e+01,4.284170913696289062e+01,6.154375457763671875e+01
2.797636795043945312e+01,4.630204772949218750e+01,6.387783050537109375e+01
2.000375175476074219e+01,4.829309463500976562e+01,2.775087356567382812e+01
1.473851203918457031e+01,5.181248855590820312e+01,5.530451965332031250e+01
1.462467956542968750e+01,5.120285034179687500e+01,5.509620285034179688e+01
3.122884178161621094e+01,4.469353485107421875e+01,6.274797058105468750e+01
2.961300277709960938e+01,5.415912628173828125e+01,2.780906486511230469e+01
2.641125297546386719e+01,5.261792755126953125e+01,2.579893302917480469e+01
1.200882911682128906e+01,4.680561065673828125e+01,4.876567077636718750e+01
2.599126243591308594e+01,5.024965667724609375e+01,2.548265838623046875e+01
2.370682907104492188e+01,5.272751998901367188e+01,2.657028198242187500e+01
1.161244678497314453e+01,4.740888214111328125e+01,4.724870300292968750e+01
3.329339599609375000e+01,4.601599502563476562e+01,6.112533569335937500e+01
2.944779014587402344e+01,5.350816345214843750e+01,2.719756317138671875e+01
1.255379486083984375e+01,5.094684600830078125e+01,5.144252395629882812e+01
1.483819103240966797e+01,5.464793777465820312e+01,5.498107910156250000e+01
1.821563148498535156e+01,5.528318405151367188e+01,2.958399391174316406e+01
1.536805438995361328e+01,5.082001876831054688e+01,3.196064186096191406e+01
1.445671367645263672e+01,5.046601104736328125e+01,5.491749191284179688e+01
1.434958839416503906e+01,4.776144409179687500e+01,5.588310241699218750e+01
1.583286094665527344e+01,5.091893386840820312e+01,3.144193649291992188e+01
1.192550373077392578e+01,5.087492752075195312e+01,3.837478256225585938e+01
2.636387062072753906e+01,4.770710372924804688e+01,6.375346755981445312e+01
2.926541519165039062e+01,4.887503814697265625e+01,6.340187835693359375e+01
1.396068954467773438e+01,5.118777084350585938e+01,3.410025024414062500e+01
1.398203182220458984e+01,5.029538345336914062e+01,3.401197052001953125e+01
3.233819580078125000e+01,4.266701507568359375e+01,6.219614028930664062e+01
3.250026321411132812e+01,4.361220169067382812e+01,6.192617416381835938e+01
3.202185440063476562e+01,4.332243728637695312e+01,6.231872558593750000e+01
3.053224563598632812e+01,5.133743286132812500e+01,6.209969711303710938e+01
2.722290420532226562e+01,4.506544113159179688e+01,6.401879882812500000e+01
2.193966674804687500e+01,4.803653335571289062e+01,2.724155998229980469e+01
1.801693344116210938e+01,5.243569946289062500e+01,2.915497589111328125e+01
1.926166343688964844e+01,5.339097213745117188e+01,5.886162948608398438e+01
1.789917564392089844e+01,5.470236587524414062e+01,5.783019256591796875e+01
1.458748340606689453e+01,5.308989715576171875e+01,5.507105255126953125e+01
1.334035491943359375e+01,5.248652267456054688e+01,5.324377059936523438e+01
1.260534095764160156e+01,5.023912811279296875e+01,5.151938247680664062e+01
2.132382392883300781e+01,5.114197158813476562e+01,6.127550888061523438e+01
2.024983787536621094e+01,4.860757827758789062e+01,6.145370483398437500e+01
2.658130836486816406e+01,4.774299621582031250e+01,2.623874092102050781e+01
2.743416976928710938e+01,4.742250442504882812e+01,2.665660476684570312e+01
2.242011070251464844e+01,5.094375228881835938e+01,6.199904632568359375e+01
2.023971557617187500e+01,4.920670318603515625e+01,2.771500205993652344e+01
1.656611824035644531e+01,5.552378082275390625e+01,3.450471496582031250e+01
3.014368629455566406e+01,4.846653747558593750e+01,2.763748168945312500e+01
1.834614181518554688e+01,4.372599029541015625e+01,3.048797988891601562e+01
2.334552955627441406e+01,4.615712356567382812e+01,2.707331657409667969e+01
2.262734222412109375e+01,4.593753433227539062e+01,2.730257225036621094e+01
2.366731643676757812e+01,4.885443878173828125e+01,2.649951744079589844e+01
1.920171165466308594e+01,4.363403701782226562e+01,3.006340980529785156e+01
1.845716094970703125e+01,4.407851028442382812e+01,2.971517944335937500e+01
2.367971420288085938e+01,5.351094436645507812e+01,6.224552536010742188e+01
1.813024711608886719e+01,5.569919967651367188e+01,3.008791732788085938e+01
2.987857055664062500e+01,5.202764511108398438e+01,2.639463233947753906e+01
2.477381134033203125e+01,4.577333831787109375e+01,2.730177688598632812e+01
1.581111621856689453e+01,5.012863540649414062e+01,3.136592483520507812e+01
1.930343246459960938e+01,4.499775314331054688e+01,2.850512886047363281e+01
1.947603034973144531e+01,4.442948532104492188e+01,2.897399139404296875e+01
1.944952774047851562e+01,4.622259140014648438e+01,2.804066658020019531e+01
2.690961647033691406e+01,4.694311904907226562e+01,2.686497116088867188e+01
2.403634071350097656e+01,4.540948486328125000e+01,2.759809684753417969e+01
1.667260932922363281e+01,5.389774703979492188e+01,3.072770309448242188e+01
2.950282096862792969e+01,5.104745483398437500e+01,2.617089271545410156e+01
2.991421318054199219e+01,5.005760192871093750e+01,2.654606819152832031e+01
2.880487632751464844e+01,5.321508407592773438e+01,2.683279800415039062e+01
2.776745986938476562e+01,4.997328186035156250e+01,2.544185447692871094e+01
2.702887725830078125e+01,5.043028259277343750e+01,2.537457466125488281e+01
1.253167247772216797e+01,5.324149703979492188e+01,3.712303161621093750e+01
1.254752922058105469e+01,5.360918426513671875e+01,3.788635253906250000e+01
1.440896511077880859e+01,4.735214996337890625e+01,3.354640960693359375e+01
1.479176044464111328e+01,4.784452056884765625e+01,3.275728607177734375e+01
1.303175640106201172e+01,5.214578247070312500e+01,5.273299407958984375e+01
3.395459747314453125e+01,4.596575164794921875e+01,6.057923126220703125e+01
3.411515045166015625e+01,4.510760498046875000e+01,6.046639251708984375e+01
3.349459457397460938e+01,4.523772048950195312e+01,6.094155502319335938e+01
1.378103733062744141e+01,5.386900711059570312e+01,3.517357635498046875e+01
1.723956298828125000e+01,5.378210830688476562e+01,2.988304328918457031e+01
1.867424201965332031e+01,5.022332000732421875e+01,2.877988243103027344e+01
1.394033718109130859e+01,4.714382553100585938e+01,3.438956069946289062e+01
1.520137977600097656e+01,5.506218719482421875e+01,5.508831024169921875e+01
2.416180038452148438e+01,4.591812133789062500e+01,2.717269134521484375e+01
1.898074913024902344e+01,4.420376586914062500e+01,2.934581947326660156e+01
2.731031608581542969e+01,5.548922729492187500e+01,2.879889106750488281e+01
1.250060272216796875e+01,4.877672576904296875e+01,3.674278640747070312e+01
1.145391845703125000e+01,4.871465682983398438e+01,3.958844375610351562e+01
1.133482837677001953e+01,4.757852554321289062e+01,4.299385833740234375e+01
3.100608444213867188e+01,5.287465667724609375e+01,2.694532775878906250e+01
1.514544200897216797e+01,4.710667037963867188e+01,5.752365112304687500e+01
1.492883682250976562e+01,4.637709045410156250e+01,5.763439559936523438e+01
2.894070434570312500e+01,5.255580902099609375e+01,2.640309143066406250e+01
1.847486114501953125e+01,5.546432495117187500e+01,5.758576583862304688e+01
1.166318130493164062e+01,4.932332611083984375e+01,3.875369262695312500e+01
1.506352233886718750e+01,4.511424255371093750e+01,3.388821029663085938e+01
2.449843025207519531e+01,5.098915863037109375e+01,2.608197021484375000e+01
2.819202804565429688e+01,4.932124710083007812e+01,2.562835884094238281e+01
1.144584465026855469e+01,4.735668563842773438e+01,4.377622604370117188e+01
1.403408718109130859e+01,5.221970367431640625e+01,5.407392120361328125e+01
1.445174884796142578e+01,4.971059799194335938e+01,5.510411453247070312e+01
1.143482017517089844e+01,5.028140258789062500e+01,4.826498031616210938e+01
1.480156421661376953e+01,5.379688262939453125e+01,5.540586471557617188e+01
1.906992530822753906e+01,4.314673995971679688e+01,3.155492401123046875e+01
1.105543327331542969e+01,5.070521163940429688e+01,4.751070404052734375e+01
1.657900619506835938e+01,5.241656875610351562e+01,3.068016815185546875e+01
1.572866439819335938e+01,5.504109191894531250e+01,5.626388549804687500e+01
1.704217529296875000e+01,4.431119537353515625e+01,3.158865737915039062e+01
1.966201400756835938e+01,5.398067474365234375e+01,5.894477081298828125e+01
2.038836479187011719e+01,5.419810104370117188e+01,5.935186004638671875e+01
1.054662895202636719e+01,5.315240859985351562e+01,4.776945877075195312e+01
1.317784118652343750e+01,5.304851150512695312e+01,5.311366653442382812e+01
1.416807174682617188e+01,5.401261520385742188e+01,5.422835159301757812e+01
3.383745956420898438e+01,4.985563278198242188e+01,5.930764770507812500e+01
2.115722656250000000e+01,4.981789016723632812e+01,6.164083480834960938e+01
1.757585906982421875e+01,5.183662796020507812e+01,5.807876586914062500e+01
1.671699714660644531e+01,4.654526138305664062e+01,5.962491607666015625e+01
3.458383560180664062e+01,3.999507141113281250e+01,6.072552871704101562e+01
1.970086288452148438e+01,4.860182189941406250e+01,6.107648468017578125e+01
2.405868148803710938e+01,5.405942916870117188e+01,6.231348419189453125e+01
1.660812568664550781e+01,4.786917495727539062e+01,5.884963989257812500e+01
1.977299499511718750e+01,4.672717666625976562e+01,6.181771469116210938e+01
3.492065811157226562e+01,4.094741821289062500e+01,6.041080093383789062e+01
1.319251346588134766e+01,5.412245559692382812e+01,3.800537872314453125e+01
1.615479087829589844e+01,4.552356719970703125e+01,5.945297241210937500e+01
2.879011535644531250e+01,5.026645660400390625e+01,6.327722930908203125e+01
1.825612831115722656e+01,4.899160385131835938e+01,5.973472976684570312e+01
3.568886947631835938e+01,4.706375503540039062e+01,5.851030349731445312e+01
1.554545593261718750e+01,4.517070007324218750e+01,3.300580215454101562e+01
1.950046348571777344e+01,4.776075744628906250e+01,6.123235702514648438e+01
3.165306663513183594e+01,4.285116577148437500e+01,6.261347198486328125e+01
2.240063285827636719e+01,5.475315475463867188e+01,6.129652786254882812e+01
2.691911697387695312e+01,4.420495986938476562e+01,6.408802795410156250e+01
2.599904060363769531e+01,5.413107681274414062e+01,6.211170959472656250e+01
3.062494659423828125e+01,5.232613754272460938e+01,2.664132881164550781e+01
2.787578201293945312e+01,5.292767715454101562e+01,2.635853576660156250e+01
1.819117164611816406e+01,5.127425384521484375e+01,5.864974975585937500e+01
1.232688903808593750e+01,4.706086349487304688e+01,3.757146835327148438e+01
1.337016963958740234e+01,5.223794555664062500e+01,3.512820434570312500e+01
2.255240821838378906e+01,5.542392730712890625e+01,6.123339462280273438e+01
2.303518676757812500e+01,5.589455413818359375e+01,6.119535446166992188e+01
1.088884544372558594e+01,5.075376510620117188e+01,4.666468048095703125e+01
1.093329048156738281e+01,5.017473220825195312e+01,4.582317352294921875e+01
1.225441932678222656e+01,4.867835998535156250e+01,5.109861755371093750e+01
1.581940460205078125e+01,5.047515487670898438e+01,5.667790985107421875e+01
2.041829490661621094e+01,5.261635589599609375e+01,5.979564285278320312e+01
1.218383693695068359e+01,5.061889266967773438e+01,5.054599761962890625e+01
1.202043724060058594e+01,5.005488967895507812e+01,4.985861587524414062e+01
1.391317844390869141e+01,5.448221969604492188e+01,3.675655364990234375e+01
2.728510093688964844e+01,5.366577529907226562e+01,2.666283226013183594e+01
1.143325996398925781e+01,4.949368667602539062e+01,4.764035415649414062e+01
3.071483421325683594e+01,5.159145355224609375e+01,2.654969215393066406e+01
2.290829277038574219e+01,5.081240844726562500e+01,2.657044792175292969e+01
1.107861614227294922e+01,5.347216033935546875e+01,4.451455307006835938e+01
1.657150840759277344e+01,5.167622756958007812e+01,3.071016502380371094e+01
2.583489608764648438e+01,4.788767623901367188e+01,2.614253616333007812e+01
1.801732635498046875e+01,5.388024139404296875e+01,5.807277297973632812e+01
3.576117706298828125e+01,4.744778823852539062e+01,5.788716888427734375e+01
1.481489849090576172e+01,4.749460220336914062e+01,5.677189636230468750e+01
1.631204795837402344e+01,5.080570220947265625e+01,5.721395111083984375e+01
2.820720291137695312e+01,5.391543197631835938e+01,6.098690795898437500e+01
3.039651679992675781e+01,4.217024993896484375e+01,6.314741134643554688e+01
1.415911769866943359e+01,4.561178588867187500e+01,3.499375534057617188e+01
1.166927528381347656e+01,5.155987548828125000e+01,3.886426544189453125e+01
1.063008975982666016e+01,5.145022583007812500e+01,4.528720092773437500e+01
3.425838851928710938e+01,4.081160736083984375e+01,6.087661743164062500e+01
3.473862838745117188e+01,4.531778335571289062e+01,6.000571060180664062e+01
2.190490531921386719e+01,5.145456695556640625e+01,6.156498718261718750e+01
1.967261695861816406e+01,4.581050109863281250e+01,6.217282485961914062e+01
2.609451866149902344e+01,4.142976379394531250e+01,6.448724365234375000e+01
2.155987930297851562e+01,5.061268234252929688e+01,6.161658859252929688e+01
1.076692581176757812e+01,5.150587463378906250e+01,4.800811386108398438e+01
2.952343750000000000e+01,4.191391754150390625e+01,6.349008178710937500e+01
2.600823020935058594e+01,4.707151031494140625e+01,2.658544921875000000e+01
1.428100013732910156e+01,5.158001708984375000e+01,3.365827941894531250e+01
1.367003631591796875e+01,4.665241622924804688e+01,3.506096267700195312e+01
1.634326171875000000e+01,5.317755889892578125e+01,3.105444145202636719e+01
