6.757347106933593750e+01,5.322115707397460938e+01,5.835860824584960938e+01
6.480268096923828125e+01,5.537651062011718750e+01,3.393082809448242188e+01
5.970096206665039062e+01,5.067272949218750000e+01,2.720783615112304688e+01
6.001716995239257812e+01,5.037313079833984375e+01,2.761852645874023438e+01
6.027625274658203125e+01,5.136234664916992188e+01,2.765104484558105469e+01
5.652315902709960938e+01,5.153588867187500000e+01,2.477774429321289062e+01
5.812516403198242188e+01,5.573149108886718750e+01,2.555072784423828125e+01
5.963802337646484375e+01,4.856287765502929688e+01,2.767571640014648438e+01
4.525988388061523438e+01,5.649655914306640625e+01,2.648835372924804688e+01
7.050862884521484375e+01,4.943788146972656250e+01,5.070636367797851562e+01
6.492940521240234375e+01,5.062660217285156250e+01,3.320129013061523438e+01
6.513431549072265625e+01,5.141434860229492188e+01,3.330847549438476562e+01
6.562475585937500000e+01,5.085683441162109375e+01,3.401849365234375000e+01
7.079949951171875000e+01,4.981559753417968750e+01,5.154964828491210938e+01
4.857354736328125000e+01,5.024272155761718750e+01,2.411683464050292969e+01
4.798227310180664062e+01,5.090572738647460938e+01,2.416460800170898438e+01
4.901335906982421875e+01,5.110808944702148438e+01,2.377000045776367188e+01
5.928511810302734375e+01,4.959791183471679688e+01,2.702741813659667969e+01
5.860614776611328125e+01,4.979113388061523438e+01,2.642520523071289062e+01
5.874504852294921875e+01,4.900132751464843750e+01,2.669136238098144531e+01
4.973245239257812500e+01,5.665456390380859375e+01,2.510374832153320312e+01
5.017049026489257812e+01,5.696632003784179688e+01,2.582460784912109375e+01
5.071824645996093750e+01,5.691895675659179688e+01,2.539706993103027344e+01
5.196208953857421875e+01,5.001285171508789062e+01,5.835041427612304688e+01
5.231726455688476562e+01,5.049020385742187500e+01,5.903736495971679688e+01
7.023785400390625000e+01,5.493872451782226562e+01,4.558868408203125000e+01
6.996292114257812500e+01,5.541186523437500000e+01,4.458136367797851562e+01
6.831515502929687500e+01,4.951164245605468750e+01,3.970501708984375000e+01
5.746375274658203125e+01,4.754196929931640625e+01,2.605096626281738281e+01
5.712499237060546875e+01,4.653570175170898438e+01,2.649472427368164062e+01
5.781642532348632812e+01,4.719033813476562500e+01,2.658629226684570312e+01
4.624965286254882812e+01,5.686885452270507812e+01,5.826729965209960938e+01
6.071944808959960938e+01,4.847991561889648438e+01,2.932984733581542969e+01
6.104561233520507812e+01,4.818302154541015625e+01,2.999280357360839844e+01
6.072671890258789062e+01,4.863788223266601562e+01,3.139465141296386719e+01
6.038215637207031250e+01,4.770570373535156250e+01,2.981828498840332031e+01
4.872224044799804688e+01,5.255194473266601562e+01,5.852261734008789062e+01
4.839295959472656250e+01,5.130413818359375000e+01,5.781201934814453125e+01
4.905398941040039062e+01,5.133573913574218750e+01,5.825002670288085938e+01
5.374957275390625000e+01,5.597626495361328125e+01,2.410492897033691406e+01
5.288500213623046875e+01,5.573671722412109375e+01,2.390732574462890625e+01
5.268551254272460938e+01,5.646406936645507812e+01,2.448931121826171875e+01
5.162125396728515625e+01,5.693074035644531250e+01,2.530528831481933594e+01
5.260011672973632812e+01,5.688150405883789062e+01,2.510158538818359375e+01
5.615869522094726562e+01,5.279828262329101562e+01,2.439819526672363281e+01
5.524433898925781250e+01,5.389453125000000000e+01,2.399572944641113281e+01
5.532937622070312500e+01,5.299121856689453125e+01,2.400264167785644531e+01
4.599499130249023438e+01,5.519181823730468750e+01,5.799433517456054688e+01
4.539626312255859375e+01,5.480197525024414062e+01,5.758909606933593750e+01
6.054762268066406250e+01,5.031657791137695312e+01,2.826803207397460938e+01
5.999035644531250000e+01,4.959946823120117188e+01,2.778008270263671875e+01
6.179642105102539062e+01,5.345065307617187500e+01,2.897560882568359375e+01
6.118047332763671875e+01,5.307562637329101562e+01,2.834260559082031250e+01
6.221171951293945312e+01,5.877539825439453125e+01,5.878979110717773438e+01
5.872526931762695312e+01,4.717840194702148438e+01,2.785797882080078125e+01
5.796211242675781250e+01,4.668302154541015625e+01,2.764882850646972656e+01
5.807108688354492188e+01,4.668591308593750000e+01,2.840905952453613281e+01
6.109610366821289062e+01,5.014203643798828125e+01,2.893531799316406250e+01
6.095574569702148438e+01,5.106626892089843750e+01,2.849010848999023438e+01
5.956935882568359375e+01,5.376022720336914062e+01,2.668355560302734375e+01
5.952405548095703125e+01,5.489673995971679688e+01,2.671333885192871094e+01
5.938432312011718750e+01,4.772376251220703125e+01,2.801395606994628906e+01
5.907125473022460938e+01,4.784708404541015625e+01,2.746042633056640625e+01
5.759700393676757812e+01,4.659962463378906250e+01,2.707282638549804688e+01
4.963663482666015625e+01,5.506063842773437500e+01,2.391248703002929688e+01
5.915665054321289062e+01,4.857926177978515625e+01,2.715772819519042969e+01
5.851504516601562500e+01,4.793469619750976562e+01,2.683167076110839844e+01
5.294504165649414062e+01,4.996628189086914062e+01,5.857155990600585938e+01
5.303674697875976562e+01,5.210686111450195312e+01,5.911788940429687500e+01
6.968242645263671875e+01,4.985137557983398438e+01,4.395795059204101562e+01
6.968889617919921875e+01,4.938403320312500000e+01,4.478088378906250000e+01
5.912758255004882812e+01,5.047496414184570312e+01,2.669513320922851562e+01
5.959530639648437500e+01,5.128128433227539062e+01,2.696151924133300781e+01
7.109650421142578125e+01,5.221355819702148438e+01,4.922908020019531250e+01
7.119182586669921875e+01,5.205158233642578125e+01,5.006070327758789062e+01
7.115522003173828125e+01,5.279541397094726562e+01,4.977655792236328125e+01
4.818778610229492188e+01,5.170391845703125000e+01,2.396789169311523438e+01
5.213991928100585938e+01,4.975165176391601562e+01,5.783205413818359375e+01
5.210869216918945312e+01,4.961922454833984375e+01,5.667513656616210938e+01
5.278255462646484375e+01,4.968422317504882812e+01,5.703468322753906250e+01
5.189675521850585938e+01,5.645022964477539062e+01,2.451994514465332031e+01
5.210161209106445312e+01,5.574828338623046875e+01,2.392905807495117188e+01
5.563150787353515625e+01,5.471204757690429688e+01,2.421943473815917969e+01
5.657529067993164062e+01,5.404885864257812500e+01,2.459975624084472656e+01
5.624739074707031250e+01,5.508861160278320312e+01,2.449748992919921875e+01
6.383038711547851562e+01,5.767237854003906250e+01,6.007410430908203125e+01
6.436800384521484375e+01,5.790668869018554688e+01,5.960170745849609375e+01
6.433531951904296875e+01,5.709778976440429688e+01,5.994690322875976562e+01
4.792940902709960938e+01,5.369388961791992188e+01,2.418762588500976562e+01
4.699375152587890625e+01,5.427245330810546875e+01,2.463562393188476562e+01
7.027612304687500000e+01,5.087714767456054688e+01,5.386490631103515625e+01
7.076718902587890625e+01,5.518393325805664062e+01,4.859796905517578125e+01
7.078387451171875000e+01,5.419351959228515625e+01,4.868635940551757812e+01
6.178873443603515625e+01,4.970637893676757812e+01,2.975350570678710938e+01
5.660829925537109375e+01,4.665623092651367188e+01,2.585998344421386719e+01
5.556987380981445312e+01,4.711096572875976562e+01,2.645924377441406250e+01
5.915330505371093750e+01,5.550084304809570312e+01,2.646990585327148438e+01
5.900938415527343750e+01,5.492781066894531250e+01,2.616661071777343750e+01
6.386062622070312500e+01,4.882962417602539062e+01,3.316489410400390625e+01
6.384442901611328125e+01,4.925673294067382812e+01,3.254908370971679688e+01
6.434243774414062500e+01,4.937264251708984375e+01,3.316409301757812500e+01
4.439731216430664062e+01,5.175303268432617188e+01,2.508151054382324219e+01
4.719026947021484375e+01,5.084132766723632812e+01,2.452952384948730469e+01
5.891419601440429688e+01,5.194657897949218750e+01,2.619568824768066406e+01
5.872012710571289062e+01,5.120682144165039062e+01,2.615556907653808594e+01
5.937289047241210938e+01,5.190313720703125000e+01,2.662085342407226562e+01
6.087227249145507812e+01,5.204958724975585938e+01,2.815520477294921875e+01
5.784158706665039062e+01,4.971157836914062500e+01,2.590207672119140625e+01
5.825458908081054688e+01,5.055266189575195312e+01,2.597032356262207031e+01
5.780995941162109375e+01,5.676561355590820312e+01,2.677195739746093750e+01
5.714725112915039062e+01,5.684370040893554688e+01,2.603055763244628906e+01
5.915372467041015625e+01,5.336107254028320312e+01,2.628264045715332031e+01
5.844987869262695312e+01,5.359591674804687500e+01,2.572007751464843750e+01
6.199947738647460938e+01,4.814959716796875000e+01,3.130545425415039062e+01
6.137780380249023438e+01,4.778900909423828125e+01,3.102861976623535156e+01
6.172480392456054688e+01,4.842618560791015625e+01,3.051705932617187500e+01
6.579028320312500000e+01,5.937412261962890625e+01,5.715974426269531250e+01
6.501200103759765625e+01,5.950050735473632812e+01,5.679595947265625000e+01
6.577826690673828125e+01,5.931487274169921875e+01,5.608558654785156250e+01
5.267932128906250000e+01,5.318664169311523438e+01,2.342559051513671875e+01
5.261394500732421875e+01,5.077098083496093750e+01,2.367190551757812500e+01
5.238014602661132812e+01,5.194502258300781250e+01,2.353273773193359375e+01
5.146659469604492188e+01,5.115146255493164062e+01,2.350108146667480469e+01
5.646491241455078125e+01,5.688800811767578125e+01,2.568831062316894531e+01
7.087294006347656250e+01,4.967583465576171875e+01,4.995147705078125000e+01
5.987198257446289062e+01,5.580607986450195312e+01,2.835666084289550781e+01
6.324019622802734375e+01,4.902235031127929688e+01,3.190231132507324219e+01
5.902313995361328125e+01,5.627518463134765625e+01,2.785259056091308594e+01
7.105000305175781250e+01,5.004523468017578125e+01,5.075955963134765625e+01
4.852783584594726562e+01,4.921084976196289062e+01,2.446262168884277344e+01
7.102284240722656250e+01,5.021710586547851562e+01,4.921587371826171875e+01
7.094435119628906250e+01,5.083053970336914062e+01,4.848681259155273438e+01
7.081138610839843750e+01,4.990242767333984375e+01,4.866081237792968750e+01
6.983563232421875000e+01,5.048694610595703125e+01,4.881824493408203125e+01
7.120899200439453125e+01,5.085398483276367188e+01,5.050509262084960938e+01
6.478658294677734375e+01,4.987150955200195312e+01,3.334191131591796875e+01
6.438536071777343750e+01,5.006497955322265625e+01,3.273720169067382812e+01
6.926898193359375000e+01,5.657794570922851562e+01,4.462973785400390625e+01
6.968238067626953125e+01,5.623154067993164062e+01,4.478575515747070312e+01
6.947842407226562500e+01,5.662567520141601562e+01,4.542901229858398438e+01
7.116814422607421875e+01,5.056785964965820312e+01,4.986573028564453125e+01
4.412899780273437500e+01,5.530988693237304688e+01,2.573634529113769531e+01
4.445967102050781250e+01,5.442510604858398438e+01,2.546096992492675781e+01
4.736222457885742188e+01,5.615602111816406250e+01,2.509679031372070312e+01
4.774187088012695312e+01,5.576120376586914062e+01,2.470980262756347656e+01
4.826004409790039062e+01,5.620868301391601562e+01,2.490911293029785156e+01
7.112437438964843750e+01,5.108259201049804688e+01,5.126245117187500000e+01
4.881055068969726562e+01,5.420195388793945312e+01,2.390847969055175781e+01
4.955220031738281250e+01,5.429318618774414062e+01,2.370090103149414062e+01
6.033788681030273438e+01,5.534915924072265625e+01,2.821700477600097656e+01
6.091519927978515625e+01,5.478837585449218750e+01,2.839044761657714844e+01
6.113053512573242188e+01,5.525491333007812500e+01,2.898282814025878906e+01
6.253885650634765625e+01,4.865884780883789062e+01,3.133183288574218750e+01
6.250370407104492188e+01,4.819687652587890625e+01,3.214833450317382812e+01
5.115609359741210938e+01,4.949242019653320312e+01,5.615506744384765625e+01
5.144808197021484375e+01,4.960645675659179688e+01,5.698638153076171875e+01
5.040859603881835938e+01,4.955472183227539062e+01,5.659056091308593750e+01
6.977812194824218750e+01,5.323241043090820312e+01,4.335982513427734375e+01
6.984526824951171875e+01,5.253227233886718750e+01,4.364744186401367188e+01
6.995920562744140625e+01,5.320289230346679688e+01,4.399409484863281250e+01
6.045326995849609375e+01,4.883599472045898438e+01,2.870438194274902344e+01
6.005129241943359375e+01,4.782015609741210938e+01,2.905739593505859375e+01
6.661391448974609375e+01,4.996885299682617188e+01,3.550215911865234375e+01
6.553014373779296875e+01,4.946804809570312500e+01,3.589220046997070312e+01
6.651998901367187500e+01,4.913210296630859375e+01,3.589440155029296875e+01
6.010409164428710938e+01,4.882609558105468750e+01,2.817550849914550781e+01
6.063439941406250000e+01,4.960299301147460938e+01,2.862146949768066406e+01
6.061301803588867188e+01,4.744351959228515625e+01,3.119589805603027344e+01
6.011185455322265625e+01,4.735868072509765625e+01,3.054993629455566406e+01
6.493878173828125000e+01,5.669147109985351562e+01,5.964388656616210938e+01
6.551394653320312500e+01,5.704309463500976562e+01,5.919579315185546875e+01
4.836399841308593750e+01,5.564873504638671875e+01,2.448787307739257812e+01
5.161276245117187500e+01,5.517898178100585938e+01,2.366896057128906250e+01
5.071433258056640625e+01,5.576417541503906250e+01,2.411143302917480469e+01
5.130256271362304688e+01,5.617993927001953125e+01,2.433659172058105469e+01
5.483511734008789062e+01,5.479178619384765625e+01,2.394308090209960938e+01
5.402323150634765625e+01,5.515832138061523438e+01,2.381142997741699219e+01
5.432314682006835938e+01,5.423664474487304688e+01,2.373480796813964844e+01
4.912992477416992188e+01,5.558560943603515625e+01,2.429303741455078125e+01
5.961616516113281250e+01,5.269215774536132812e+01,2.674729919433593750e+01
5.920891571044921875e+01,5.250573730468750000e+01,2.637807846069335938e+01
5.968081665039062500e+01,5.558721542358398438e+01,2.740348434448242188e+01
5.186514282226562500e+01,4.876402664184570312e+01,2.400793647766113281e+01
5.087918472290039062e+01,4.897327804565429688e+01,2.401124572753906250e+01
4.550721359252929688e+01,5.122305679321289062e+01,2.493208122253417969e+01
4.755218887329101562e+01,4.953996276855468750e+01,2.473758125305175781e+01
5.453871917724609375e+01,5.318643951416015625e+01,2.373077011108398438e+01
5.438208007812500000e+01,5.239568328857421875e+01,2.372214317321777344e+01
5.373263549804687500e+01,5.257026290893554688e+01,2.361022758483886719e+01
4.670136260986328125e+01,5.036847305297851562e+01,2.481721115112304688e+01
5.079134750366210938e+01,5.659580230712890625e+01,2.483322334289550781e+01
6.852223205566406250e+01,5.094520187377929688e+01,5.747603607177734375e+01
6.921519470214843750e+01,5.095532226562500000e+01,5.674539947509765625e+01
6.863666534423828125e+01,5.181344604492187500e+01,5.739061355590820312e+01
6.411558532714843750e+01,5.421431350708007812e+01,6.107934570312500000e+01
6.372148895263671875e+01,5.372606658935546875e+01,6.147798538208007812e+01
6.463698577880859375e+01,5.366421127319335938e+01,6.098604965209960938e+01
6.863186645507812500e+01,4.963312149047851562e+01,4.376032257080078125e+01
6.904064941406250000e+01,4.915824508666992188e+01,4.309304046630859375e+01
6.846586608886718750e+01,4.877201080322265625e+01,4.305643463134765625e+01
5.024506378173828125e+01,4.936775970458984375e+01,5.581404876708984375e+01
6.887068176269531250e+01,4.993056869506835938e+01,5.661129760742187500e+01
6.778266143798828125e+01,5.274153900146484375e+01,3.834527587890625000e+01
6.750722503662109375e+01,5.239994430541992188e+01,3.771239852905273438e+01
6.006195831298828125e+01,5.243470382690429688e+01,2.722260093688964844e+01
6.043729019165039062e+01,5.213830566406250000e+01,2.766504096984863281e+01
5.027123641967773438e+01,4.985756301879882812e+01,5.738096618652343750e+01
6.526270294189453125e+01,5.174264144897460938e+01,6.071023178100585938e+01
6.411209869384765625e+01,5.141579818725585938e+01,5.955362319946289062e+01
6.532791900634765625e+01,5.116762542724609375e+01,6.040027999877929688e+01
6.471712493896484375e+01,5.115002441406250000e+01,6.075251770019531250e+01
4.720177078247070312e+01,5.272872543334960938e+01,2.442647933959960938e+01
5.425112533569335938e+01,4.722259521484375000e+01,2.592939376831054688e+01
6.173295974731445312e+01,4.780089950561523438e+01,3.255477142333984375e+01
6.264115905761718750e+01,4.809872436523437500e+01,3.290357589721679688e+01
4.748194503784179688e+01,5.675456237792968750e+01,2.595833396911621094e+01
5.305998992919921875e+01,4.824145889282226562e+01,2.528092193603515625e+01
5.203897094726562500e+01,4.793932342529296875e+01,2.429013061523437500e+01
6.093371582031250000e+01,4.768521881103515625e+01,3.058942031860351562e+01
6.335105895996093750e+01,5.316198348999023438e+01,3.099881935119628906e+01
6.338216400146484375e+01,5.241958999633789062e+01,3.106422615051269531e+01
6.392301559448242188e+01,5.308790969848632812e+01,3.162957954406738281e+01
6.984924316406250000e+01,5.387556457519531250e+01,4.369478988647460938e+01
7.010062408447265625e+01,5.351893234252929688e+01,4.452341842651367188e+01
6.990933990478515625e+01,5.460486602783203125e+01,4.413156127929687500e+01
6.288039779663085938e+01,5.456771469116210938e+01,3.073511123657226562e+01
6.237723159790039062e+01,5.527906417846679688e+01,3.088386917114257812e+01
6.364464950561523438e+01,5.190555191040039062e+01,3.143992614746093750e+01
6.344987106323242188e+01,5.101086044311523438e+01,3.135270881652832031e+01
6.407984161376953125e+01,5.128931427001953125e+01,3.203731536865234375e+01
6.381521987915039062e+01,5.409220504760742188e+01,3.156318664550781250e+01
6.332615280151367188e+01,5.458787155151367188e+01,3.123917007446289062e+01
4.898266983032226562e+01,5.621333694458007812e+01,2.478261375427246094e+01
6.890143585205078125e+01,5.037966537475585938e+01,5.699793243408203125e+01
4.617662048339843750e+01,5.453025054931640625e+01,5.787294387817382812e+01
4.670126724243164062e+01,5.514266967773437500e+01,5.828747558593750000e+01
6.946683502197265625e+01,5.436844635009765625e+01,4.227993392944335938e+01
6.531924438476562500e+01,5.001195526123046875e+01,3.389131927490234375e+01
6.290890884399414062e+01,5.364228439331054688e+01,3.050920486450195312e+01
6.293344497680664062e+01,5.251715850830078125e+01,3.053773498535156250e+01
6.487718200683593750e+01,5.473914337158203125e+01,3.315682983398437500e+01
6.498260498046875000e+01,5.388308715820312500e+01,3.306653594970703125e+01
6.444400787353515625e+01,5.447523880004882812e+01,3.236132049560546875e+01
6.306553649902343750e+01,5.164348602294921875e+01,3.078013420104980469e+01
6.256840133666992188e+01,5.157139587402343750e+01,3.013468551635742188e+01
6.152802276611328125e+01,4.900642776489257812e+01,2.984708595275878906e+01
5.719624328613281250e+01,5.108227157592773438e+01,2.520515251159667969e+01
5.643449020385742188e+01,5.066196060180664062e+01,2.493749237060546875e+01
6.981743621826171875e+01,5.013342285156250000e+01,5.420843505859375000e+01
6.992400360107421875e+01,5.069847488403320312e+01,5.443870925903320312e+01
6.683000183105468750e+01,5.119612503051757812e+01,3.578214645385742188e+01
6.637462615966796875e+01,5.103965377807617188e+01,3.503858566284179688e+01
6.987361907958984375e+01,5.138963317871093750e+01,5.457068252563476562e+01
4.539884948730468750e+01,5.559959030151367188e+01,5.773490905761718750e+01
4.933681488037109375e+01,5.474407577514648438e+01,5.931191253662109375e+01
6.959000396728515625e+01,5.363204193115234375e+01,4.270145416259765625e+01
6.938288879394531250e+01,5.304418182373046875e+01,4.201093292236328125e+01
6.959023284912109375e+01,5.257895660400390625e+01,4.278704452514648438e+01
7.005937957763671875e+01,4.973675918579101562e+01,4.907802200317382812e+01
6.597722625732421875e+01,4.923978042602539062e+01,3.511920166015625000e+01
4.706721115112304688e+01,5.570088195800781250e+01,5.858430099487304688e+01
4.763575363159179688e+01,5.627917861938476562e+01,5.887895584106445312e+01
4.685205078125000000e+01,5.689929199218750000e+01,5.858716583251953125e+01
6.716046905517578125e+01,5.378950119018554688e+01,3.708359146118164062e+01
6.667842102050781250e+01,5.372995758056640625e+01,3.605746841430664062e+01
6.481767272949218750e+01,5.738812637329101562e+01,5.949857330322265625e+01
4.790084457397460938e+01,5.547000122070312500e+01,5.887782287597656250e+01
4.826065444946289062e+01,5.618847274780273438e+01,5.910026550292968750e+01
6.871899414062500000e+01,5.269286727905273438e+01,4.029965972900390625e+01
6.592324829101562500e+01,5.463545608520507812e+01,3.471003341674804688e+01
6.625097656250000000e+01,5.480937957763671875e+01,3.545390319824218750e+01
6.633717346191406250e+01,5.407004928588867188e+01,3.532599258422851562e+01
6.600277709960937500e+01,5.373141860961914062e+01,3.468908691406250000e+01
6.698696136474609375e+01,4.850889587402343750e+01,3.792522811889648438e+01
6.701300811767578125e+01,4.894657135009765625e+01,3.688488388061523438e+01
6.738702392578125000e+01,4.894882965087890625e+01,3.770733642578125000e+01
6.749992370605468750e+01,5.334733581542968750e+01,3.778984832763671875e+01
6.754048919677734375e+01,5.464648437500000000e+01,3.798672485351562500e+01
6.885456848144531250e+01,5.638008880615234375e+01,4.305426025390625000e+01
6.763657379150390625e+01,4.951337814331054688e+01,3.767686080932617188e+01
7.029034423828125000e+01,5.113406372070312500e+01,4.530147552490234375e+01
5.999904632568359375e+01,5.833117675781250000e+01,6.155176925659179688e+01
6.282548522949218750e+01,5.048737716674804688e+01,3.067408370971679688e+01
6.238231658935546875e+01,5.012342071533203125e+01,3.022756576538085938e+01
6.288735580444335938e+01,4.941809844970703125e+01,3.112189102172851562e+01
6.473610687255859375e+01,5.325797271728515625e+01,3.267626571655273438e+01
6.443731689453125000e+01,5.370513916015625000e+01,3.224205398559570312e+01
6.290773010253906250e+01,4.813584899902343750e+01,3.366390228271484375e+01
6.394948196411132812e+01,5.020791244506835938e+01,3.211547851562500000e+01
5.332300567626953125e+01,5.044347763061523438e+01,5.933089828491210938e+01
6.366726303100585938e+01,5.496017456054687500e+01,3.183420181274414062e+01
5.172256088256835938e+01,5.309764862060546875e+01,2.335919380187988281e+01
6.042646408081054688e+01,5.578331756591796875e+01,2.919898414611816406e+01
6.835614776611328125e+01,5.064782714843750000e+01,3.948455810546875000e+01
6.858386230468750000e+01,5.020760726928710938e+01,4.007758331298828125e+01
6.855613708496093750e+01,5.155853271484375000e+01,4.020692443847656250e+01
4.956684875488281250e+01,5.188063430786132812e+01,2.358228302001953125e+01
5.538604736328125000e+01,5.461163330078125000e+01,6.149369049072265625e+01
5.599653244018554688e+01,5.542754364013671875e+01,6.149613189697265625e+01
5.509490585327148438e+01,5.536165237426757812e+01,6.136025238037109375e+01
6.577477264404296875e+01,5.525330352783203125e+01,3.515422821044921875e+01
5.299946212768554688e+01,5.966722869873046875e+01,6.032181930541992188e+01
6.878231811523437500e+01,4.881843566894531250e+01,4.396286010742187500e+01
6.527602386474609375e+01,5.536965560913085938e+01,3.457213592529296875e+01
6.744366455078125000e+01,5.590518188476562500e+01,3.936688613891601562e+01
6.771096038818359375e+01,5.525307083129882812e+01,3.877413558959960938e+01
6.339139175415039062e+01,5.018331527709960938e+01,3.143682670593261719e+01
5.441186141967773438e+01,4.749928665161132812e+01,2.469796562194824219e+01
5.427322769165039062e+01,4.834268951416015625e+01,2.451021957397460938e+01
5.201661300659179688e+01,5.441687774658203125e+01,6.045937728881835938e+01
6.023241043090820312e+01,5.560863113403320312e+01,6.168262100219726562e+01
4.748248672485351562e+01,5.485226821899414062e+01,5.857977294921875000e+01
6.872857666015625000e+01,5.477111434936523438e+01,5.684307479858398438e+01
6.818016815185546875e+01,5.396937179565429688e+01,5.764890670776367188e+01
4.935882949829101562e+01,4.984878921508789062e+01,5.686862182617187500e+01
7.079343414306640625e+01,5.598867034912109375e+01,5.057852554321289062e+01
7.070848846435546875e+01,5.603181076049804688e+01,5.142594146728515625e+01
7.037632751464843750e+01,5.661181640625000000e+01,5.104049682617187500e+01
5.472144317626953125e+01,5.089347457885742188e+01,5.853483581542968750e+01
6.137039566040039062e+01,5.183029556274414062e+01,2.871750068664550781e+01
4.791154098510742188e+01,5.502811431884765625e+01,2.439155578613281250e+01
6.791963958740234375e+01,4.895960617065429688e+01,3.968863677978515625e+01
6.796338653564453125e+01,4.928289794921875000e+01,3.881513977050781250e+01
5.682433700561523438e+01,5.175958251953125000e+01,6.135432815551757812e+01
5.729640579223632812e+01,5.072518157958984375e+01,6.085893630981445312e+01
5.620413589477539062e+01,5.095826339721679688e+01,6.075286102294921875e+01
7.039445495605468750e+01,5.661928558349609375e+01,5.026667404174804688e+01
6.091158676147460938e+01,5.691225814819335938e+01,6.152709960937500000e+01
5.975162887573242188e+01,5.669832611083984375e+01,6.172513198852539062e+01
6.753721618652343750e+01,4.885465621948242188e+01,3.833748626708984375e+01
5.522951507568359375e+01,4.997897338867187500e+01,5.921017074584960938e+01
5.671305084228515625e+01,5.585845565795898438e+01,6.164968490600585938e+01
5.688571548461914062e+01,5.511998367309570312e+01,6.162197113037109375e+01
6.333071899414062500e+01,4.826170349121093750e+01,3.479519653320312500e+01
6.431090545654296875e+01,4.853625869750976562e+01,3.443406295776367188e+01
6.347033309936523438e+01,4.827956390380859375e+01,3.420497512817382812e+01
6.879874420166015625e+01,5.352293777465820312e+01,4.043218231201171875e+01
6.361317443847656250e+01,4.841486358642578125e+01,3.374053192138671875e+01
6.885301971435546875e+01,5.721519470214843750e+01,5.566903305053710938e+01
6.424377441406250000e+01,4.880741119384765625e+01,3.376954650878906250e+01
5.159766006469726562e+01,5.361161041259765625e+01,6.016175842285156250e+01
5.127732086181640625e+01,5.440631103515625000e+01,6.015336608886718750e+01
5.069915771484375000e+01,5.379339981079101562e+01,5.976726150512695312e+01
5.442537689208984375e+01,5.676975250244140625e+01,2.498721122741699219e+01
5.406290435791015625e+01,5.646732330322265625e+01,2.455884933471679688e+01
5.470591354370117188e+01,5.607783126831054688e+01,2.432009887695312500e+01
4.875059509277343750e+01,5.555235290527343750e+01,5.920203018188476562e+01
6.136762237548828125e+01,4.765277862548828125e+01,3.183176612854003906e+01
6.325215530395507812e+01,4.851227188110351562e+01,3.277149581909179688e+01
4.755365371704101562e+01,5.309212875366210938e+01,5.806327056884765625e+01
4.780383300781250000e+01,5.209604644775390625e+01,5.786746215820312500e+01
6.203730392456054688e+01,4.795657348632812500e+01,3.347840881347656250e+01
7.067346191406250000e+01,5.008858871459960938e+01,5.257961654663085938e+01
6.803524017333984375e+01,5.151969528198242188e+01,5.786340332031250000e+01
7.061287689208984375e+01,5.599776458740234375e+01,4.826590728759765625e+01
6.711854553222656250e+01,5.851946258544921875e+01,5.434261322021484375e+01
6.884476470947265625e+01,5.594959640502929688e+01,4.200661468505859375e+01
6.933824920654296875e+01,5.583195495605468750e+01,4.297208404541015625e+01
6.853630828857421875e+01,5.637435531616210938e+01,4.241758346557617188e+01
6.990205383300781250e+01,5.636515045166015625e+01,4.597839736938476562e+01
7.001909637451171875e+01,5.589171218872070312e+01,4.526582336425781250e+01
7.097193908691406250e+01,5.481850433349609375e+01,4.971930694580078125e+01
6.989847564697265625e+01,4.994921875000000000e+01,4.456439208984375000e+01
6.775431823730468750e+01,5.667218017578125000e+01,5.772686386108398438e+01
7.105673980712890625e+01,5.407706069946289062e+01,5.019731521606445312e+01
7.113280487060546875e+01,5.331402969360351562e+01,5.045323562622070312e+01
7.098680877685546875e+01,5.430039596557617188e+01,5.135338211059570312e+01
6.924396514892578125e+01,5.636740493774414062e+01,5.557397842407226562e+01
6.951802825927734375e+01,5.533498001098632812e+01,5.535923004150390625e+01
6.979611968994140625e+01,5.595765304565429688e+01,5.477700042724609375e+01
6.824961090087890625e+01,5.550606155395507812e+01,5.729376602172851562e+01
6.800359344482421875e+01,5.491706848144531250e+01,5.769049835205078125e+01
5.457485580444335938e+01,5.004301071166992188e+01,5.916107177734375000e+01
5.417242813110351562e+01,5.037475204467773438e+01,5.956649780273437500e+01
5.399948120117187500e+01,4.993999481201171875e+01,5.871076202392578125e+01
6.835351562500000000e+01,5.296276473999023438e+01,5.756016159057617188e+01
6.894082641601562500e+01,5.264597702026367188e+01,5.701787948608398438e+01
6.752178955078125000e+01,5.060757064819335938e+01,3.722073364257812500e+01
6.750282287597656250e+01,5.150647354125976562e+01,3.745729064941406250e+01
5.725938034057617188e+01,5.418884277343750000e+01,6.174877929687500000e+01
6.341738510131835938e+01,5.977043914794921875e+01,5.828771972656250000e+01
6.945314788818359375e+01,5.720985412597656250e+01,4.904263687133789062e+01
7.023651123046875000e+01,5.676702880859375000e+01,4.961999893188476562e+01
6.796932983398437500e+01,5.239107894897460938e+01,5.792919158935546875e+01
4.660312652587890625e+01,5.628007125854492188e+01,2.543021011352539062e+01
4.629830169677734375e+01,5.567045593261718750e+01,2.510431289672851562e+01
6.295573425292968750e+01,5.447699356079101562e+01,6.148764038085937500e+01
6.239674758911132812e+01,5.508684158325195312e+01,6.146965789794921875e+01
6.330948257446289062e+01,5.526900863647460938e+01,6.106702804565429688e+01
7.081995391845703125e+01,5.263840484619140625e+01,4.775428771972656250e+01
7.076055908203125000e+01,5.200223922729492188e+01,4.721303176879882812e+01
7.066490936279296875e+01,5.252396392822265625e+01,4.668666839599609375e+01
7.011694335937500000e+01,5.049492263793945312e+01,4.492403411865234375e+01
7.031716918945312500e+01,5.006555175781250000e+01,4.589860916137695312e+01
7.008193206787109375e+01,4.988172912597656250e+01,4.524100875854492188e+01
6.836432647705078125e+01,5.399867248535156250e+01,3.958145904541015625e+01
7.086959838867187500e+01,5.161864471435546875e+01,4.789668655395507812e+01
6.957931518554687500e+01,5.701362228393554688e+01,5.417919158935546875e+01
7.008399200439453125e+01,5.668337631225585938e+01,5.340400695800781250e+01
6.943099975585937500e+01,5.729350662231445312e+01,5.315423583984375000e+01
5.523992919921875000e+01,5.294285202026367188e+01,6.145864868164062500e+01
5.576847457885742188e+01,5.192499160766601562e+01,6.117374038696289062e+01
6.804534149169921875e+01,5.618003463745117188e+01,4.097994232177734375e+01
6.786531066894531250e+01,5.599101638793945312e+01,4.026453781127929688e+01
6.922606658935546875e+01,5.431815719604492188e+01,4.152347183227539062e+01
6.914205169677734375e+01,5.360443115234375000e+01,4.126744842529296875e+01
6.883908081054687500e+01,5.493602371215820312e+01,4.076132202148437500e+01
6.513305664062500000e+01,5.070932388305664062e+01,6.011924743652343750e+01
6.406106567382812500e+01,5.063258743286132812e+01,6.047048950195312500e+01
6.460781860351562500e+01,5.026732254028320312e+01,5.968210983276367188e+01
6.792384338378906250e+01,5.359448242187500000e+01,3.868016815185546875e+01
6.838475036621093750e+01,5.311378479003906250e+01,3.957662963867187500e+01
6.617993927001953125e+01,5.072014617919921875e+01,5.925990676879882812e+01
6.597953796386718750e+01,5.036521148681640625e+01,5.893874359130859375e+01
6.700389862060546875e+01,4.976110076904296875e+01,3.616254806518554688e+01
6.732682800292968750e+01,4.975588226318359375e+01,3.680684661865234375e+01
5.711809539794921875e+01,5.692216491699218750e+01,6.189575958251953125e+01
6.582345581054687500e+01,5.568150711059570312e+01,3.641727066040039062e+01
4.780466461181640625e+01,5.105199813842773438e+01,5.728674316406250000e+01
4.804778289794921875e+01,5.033944702148437500e+01,5.670296478271484375e+01
4.850543594360351562e+01,5.058691024780273438e+01,5.732426452636718750e+01
6.800350189208984375e+01,5.824335861206054688e+01,5.545258331298828125e+01
6.850894927978515625e+01,5.774338531494140625e+01,5.529964447021484375e+01
6.022086334228515625e+01,5.129465103149414062e+01,6.139921188354492188e+01
5.925027465820312500e+01,5.079483032226562500e+01,6.103400039672851562e+01
5.918210983276367188e+01,5.143762969970703125e+01,6.145553970336914062e+01
4.873218536376953125e+01,5.349841690063476562e+01,5.880875396728515625e+01
4.951993179321289062e+01,5.284583282470703125e+01,5.905676651000976562e+01
5.681861495971679688e+01,4.620688629150390625e+01,2.711050033569335938e+01
5.729587173461914062e+01,4.634338760375976562e+01,2.765896797180175781e+01
6.761861419677734375e+01,5.824414443969726562e+01,5.375745010375976562e+01
6.819686126708984375e+01,5.801996231079101562e+01,5.451406860351562500e+01
6.751711273193359375e+01,5.850752258300781250e+01,5.502930831909179688e+01
6.163746643066406250e+01,5.697351455688476562e+01,6.134077453613281250e+01
6.144538116455078125e+01,5.779853057861328125e+01,6.121232986450195312e+01
6.733604431152343750e+01,5.877585983276367188e+01,5.566966629028320312e+01
7.031084442138671875e+01,5.210410308837890625e+01,4.522723388671875000e+01
5.519190216064453125e+01,4.649309921264648438e+01,2.531414985656738281e+01
5.747893905639648438e+01,5.542630767822265625e+01,6.168881225585937500e+01
5.757512664794921875e+01,5.608213424682617188e+01,6.178453063964843750e+01
6.589667510986328125e+01,5.770541000366210938e+01,5.886849975585937500e+01
4.938598632812500000e+01,5.391694641113281250e+01,5.919352340698242188e+01
6.907295989990234375e+01,5.091978073120117188e+01,4.161085891723632812e+01
6.941976928710937500e+01,5.091304397583007812e+01,4.272381591796875000e+01
5.688615036010742188e+01,4.840200424194335938e+01,2.543102836608886719e+01
5.913417053222656250e+01,4.726595687866210938e+01,3.084220504760742188e+01
6.160709381103515625e+01,5.894794082641601562e+01,6.069841003417968750e+01
6.572143554687500000e+01,5.527879333496093750e+01,5.948855972290039062e+01
6.667601776123046875e+01,5.533206939697265625e+01,5.885439300537109375e+01
6.208835220336914062e+01,5.394696426391601562e+01,6.190504837036132812e+01
7.018187713623046875e+01,5.660015106201171875e+01,4.811778259277343750e+01
5.498880386352539062e+01,5.388327789306640625e+01,6.147652053833007812e+01
5.514984130859375000e+01,5.619083786010742188e+01,6.145187377929687500e+01
5.475294494628906250e+01,5.194317245483398438e+01,5.959041976928710938e+01
6.156341171264648438e+01,5.528511810302734375e+01,2.956214714050292969e+01
6.176333236694335938e+01,5.457198715209960938e+01,2.915481567382812500e+01
4.872898483276367188e+01,5.809561920166015625e+01,5.944297027587890625e+01
4.860871505737304688e+01,5.852509689331054688e+01,5.875664138793945312e+01
5.052200698852539062e+01,5.113158035278320312e+01,5.892949295043945312e+01
5.138145446777343750e+01,5.094660568237304688e+01,5.912788391113281250e+01
5.106364440917968750e+01,5.185198974609375000e+01,5.949451828002929688e+01
5.233457946777343750e+01,5.341097640991210938e+01,6.048747634887695312e+01
5.262027740478515625e+01,5.205417251586914062e+01,6.019869613647460938e+01
5.169877243041992188e+01,5.266794204711914062e+01,6.000858688354492188e+01
6.140167999267578125e+01,5.566743469238281250e+01,3.048096466064453125e+01
7.021900177001953125e+01,5.571274185180664062e+01,4.589896392822265625e+01
4.929378509521484375e+01,5.363820648193359375e+01,2.369519233703613281e+01
4.866403198242187500e+01,5.303175354003906250e+01,2.382726097106933594e+01
6.197066116333007812e+01,5.520458221435546875e+01,3.008917808532714844e+01
6.104004669189453125e+01,5.524414825439453125e+01,6.168119049072265625e+01
6.130401229858398438e+01,5.606245803833007812e+01,6.154189300537109375e+01
7.028577423095703125e+01,5.263354873657226562e+01,5.379301452636718750e+01
7.036684417724609375e+01,5.170633316040039062e+01,5.370306015014648438e+01
6.018851852416992188e+01,5.356611251831054688e+01,2.732236099243164062e+01
6.000842285156250000e+01,5.472120285034179688e+01,2.730399322509765625e+01
6.823675537109375000e+01,4.991121292114257812e+01,3.913488006591796875e+01
6.083152389526367188e+01,5.844087600708007812e+01,6.123833465576171875e+01
6.416887664794921875e+01,5.500376129150390625e+01,6.068380737304687500e+01
6.360222625732421875e+01,5.460490417480468750e+01,6.116888809204101562e+01
6.422155761718750000e+01,5.962408065795898438e+01,5.702286148071289062e+01
6.703977966308593750e+01,5.584873580932617188e+01,3.852903366088867188e+01
5.254416275024414062e+01,5.532249832153320312e+01,6.066037368774414062e+01
5.138710021972656250e+01,5.513991165161132812e+01,6.029743576049804688e+01
5.224329376220703125e+01,5.606838607788085938e+01,6.060666656494140625e+01
6.991980743408203125e+01,5.091065597534179688e+01,4.417964172363281250e+01
6.967385101318359375e+01,5.083066940307617188e+01,4.347446060180664062e+01
5.176575851440429688e+01,5.668034362792968750e+01,6.046188354492187500e+01
5.190082168579101562e+01,5.740644073486328125e+01,6.050925827026367188e+01
5.242329025268554688e+01,5.684961700439453125e+01,6.077275466918945312e+01
6.941766357421875000e+01,4.997304916381835938e+01,4.300240325927734375e+01
5.854796218872070312e+01,5.486451339721679688e+01,6.172710037231445312e+01
6.234856414794921875e+01,5.823543167114257812e+01,6.072925567626953125e+01
5.983753585815429688e+01,5.216255187988281250e+01,6.184918594360351562e+01
5.921371078491210938e+01,5.240673065185546875e+01,6.192579269409179688e+01
6.021197128295898438e+01,5.065473556518554688e+01,6.087713623046875000e+01
5.109512710571289062e+01,5.608658218383789062e+01,6.026604843139648438e+01
6.840178680419921875e+01,5.526611709594726562e+01,4.014414978027343750e+01
6.857388305664062500e+01,5.470816421508789062e+01,4.013180923461914062e+01
6.717581939697265625e+01,5.260901641845703125e+01,3.708152389526367188e+01
5.674960327148437500e+01,5.579329681396484375e+01,2.479864692687988281e+01
5.598802947998046875e+01,5.615734100341796875e+01,2.469066619873046875e+01
5.932280349731445312e+01,5.883656692504882812e+01,6.166912460327148438e+01
6.721967315673828125e+01,5.524618530273437500e+01,3.780676269531250000e+01
6.687284088134765625e+01,5.565678405761718750e+01,3.786658859252929688e+01
5.118085479736328125e+01,5.048065567016601562e+01,5.865169525146484375e+01
5.854901123046875000e+01,5.859623718261718750e+01,6.186930465698242188e+01
5.783891296386718750e+01,5.819049072265625000e+01,6.193813323974609375e+01
5.532137680053710938e+01,5.089163208007812500e+01,6.045745468139648438e+01
5.083053207397460938e+01,5.475556564331054688e+01,2.356655883789062500e+01
5.928971099853515625e+01,5.967527389526367188e+01,6.140840911865234375e+01
7.033412170410156250e+01,5.585736465454101562e+01,4.661149597167968750e+01
7.040095520019531250e+01,5.518582153320312500e+01,4.644862747192382812e+01
6.057113265991210938e+01,5.389339065551757812e+01,6.197944641113281250e+01
6.900432586669921875e+01,5.752222061157226562e+01,5.403217697143554688e+01
5.694032669067382812e+01,5.886643981933593750e+01,6.186831665039062500e+01
6.911287689208984375e+01,4.951172637939453125e+01,4.533052825927734375e+01
6.943430328369140625e+01,4.896602630615234375e+01,4.592777633666992188e+01
6.987797546386718750e+01,4.915003967285156250e+01,4.646812438964843750e+01
7.000299072265625000e+01,4.941343307495117188e+01,4.577529525756835938e+01
5.839902877807617188e+01,5.771809387207031250e+01,6.192572021484375000e+01
5.738147735595703125e+01,5.771274566650390625e+01,6.194446182250976562e+01
4.834928512573242188e+01,5.707163238525390625e+01,5.922177124023437500e+01
6.813163757324218750e+01,4.992989730834960938e+01,5.719295501708984375e+01
6.809921264648437500e+01,5.641313552856445312e+01,4.172712326049804688e+01
6.853762817382812500e+01,5.577024078369140625e+01,4.102150726318359375e+01
6.460501098632812500e+01,5.009889602661132812e+01,5.889710998535156250e+01
5.735709762573242188e+01,5.198084640502929688e+01,2.514126396179199219e+01
5.678917312622070312e+01,5.275857162475585938e+01,2.473356819152832031e+01
5.345156860351562500e+01,5.539668655395507812e+01,6.093072891235351562e+01
5.428161621093750000e+01,5.561234664916992188e+01,6.117610549926757812e+01
7.016489410400390625e+01,5.547078323364257812e+01,5.415303039550781250e+01
7.046461486816406250e+01,5.522194671630859375e+01,5.342966842651367188e+01
6.745648956298828125e+01,5.571090316772460938e+01,5.811995697021484375e+01
6.931861114501953125e+01,4.900725936889648438e+01,4.491634368896484375e+01
5.642283630371093750e+01,5.211445999145507812e+01,2.460765266418457031e+01
6.504080200195312500e+01,5.305020523071289062e+01,6.086943435668945312e+01
5.796354293823242188e+01,5.672670745849609375e+01,6.190184020996093750e+01
6.232158660888671875e+01,5.477024459838867188e+01,3.010727310180664062e+01
5.436384201049804688e+01,5.714871215820312500e+01,6.155735778808593750e+01
5.081021881103515625e+01,5.273835372924804688e+01,2.339890480041503906e+01
5.132023620605468750e+01,5.205939102172851562e+01,2.341211509704589844e+01
5.299158859252929688e+01,5.312339019775390625e+01,6.072918319702148438e+01
5.361260604858398438e+01,5.270712661743164062e+01,6.085372543334960938e+01
4.814817810058593750e+01,5.815285873413085938e+01,5.904574966430664062e+01
5.106171417236328125e+01,5.378695297241210938e+01,2.336914062500000000e+01
6.190890121459960938e+01,5.274429702758789062e+01,2.914603805541992188e+01
4.774266815185546875e+01,5.724749755859375000e+01,5.893778228759765625e+01
7.056655120849609375e+01,4.982673263549804688e+01,4.770867919921875000e+01
7.014373016357421875e+01,4.930785751342773438e+01,4.785541534423828125e+01
5.668003082275390625e+01,6.031885147094726562e+01,6.073891448974609375e+01
5.712801361083984375e+01,6.001082992553710938e+01,6.127568817138671875e+01
6.437893676757812500e+01,5.077976608276367188e+01,3.249010086059570312e+01
6.466801452636718750e+01,5.150460815429687500e+01,3.269612503051757812e+01
6.526277160644531250e+01,4.882803344726562500e+01,3.482784271240234375e+01
6.542760467529296875e+01,4.848519515991210938e+01,3.577378463745117188e+01
6.471008300781250000e+01,4.844913482666015625e+01,3.521639251708984375e+01
5.359003067016601562e+01,5.173962020874023438e+01,6.041845321655273438e+01
5.879425430297851562e+01,5.674013137817382812e+01,6.186779785156250000e+01
5.928337097167968750e+01,5.763614654541015625e+01,6.180947113037109375e+01
6.645215606689453125e+01,5.924269485473632812e+01,5.690940856933593750e+01
6.088468551635742188e+01,5.023112487792968750e+01,6.021644592285156250e+01
5.571446990966796875e+01,5.374169540405273438e+01,6.163365173339843750e+01
6.482154083251953125e+01,5.574271774291992188e+01,5.999109268188476562e+01
6.573555755615234375e+01,5.618418502807617188e+01,5.926373672485351562e+01
6.142282867431640625e+01,5.444197845458984375e+01,6.184243392944335938e+01
5.846567153930664062e+01,6.020346832275390625e+01,6.112257003784179688e+01
5.783197021484375000e+01,5.991188430786132812e+01,6.140935897827148438e+01
5.763025665283203125e+01,6.048318481445312500e+01,6.055914688110351562e+01
4.988749313354492188e+01,5.029092407226562500e+01,5.788924026489257812e+01
5.053595733642578125e+01,5.024224090576171875e+01,5.813706207275390625e+01
5.631511306762695312e+01,5.450477600097656250e+01,6.162149429321289062e+01
5.070476913452148438e+01,5.786790084838867188e+01,6.017724227905273438e+01
5.572341156005859375e+01,5.727605056762695312e+01,6.178832244873046875e+01
7.039065551757812500e+01,5.023821640014648438e+01,5.339252853393554688e+01
6.561991882324218750e+01,5.444604873657226562e+01,5.986988830566406250e+01
5.359301757812500000e+01,5.914871597290039062e+01,6.119422149658203125e+01
5.393898773193359375e+01,5.860091400146484375e+01,6.152054977416992188e+01
5.318485260009765625e+01,5.854711151123046875e+01,6.131813430786132812e+01
6.408549499511718750e+01,5.125065612792968750e+01,6.108235549926757812e+01
6.472288513183593750e+01,5.193106842041015625e+01,6.108424377441406250e+01
7.043605041503906250e+01,4.942475509643554688e+01,4.846876525878906250e+01
6.779915618896484375e+01,5.176364898681640625e+01,3.829480743408203125e+01
6.801382446289062500e+01,5.212364196777343750e+01,3.887095642089843750e+01
7.035475921630859375e+01,5.329566192626953125e+01,4.542023468017578125e+01
5.882246780395507812e+01,6.048070907592773438e+01,6.057534790039062500e+01
5.370289230346679688e+01,5.640123748779296875e+01,6.120744323730468750e+01
5.288174438476562500e+01,5.620440292358398438e+01,6.087794876098632812e+01
7.101768493652343750e+01,5.153053665161132812e+01,4.875413513183593750e+01
7.115036010742187500e+01,5.122116470336914062e+01,4.960228729248046875e+01
6.920561218261718750e+01,5.025035476684570312e+01,4.213532638549804688e+01
6.887986755371093750e+01,4.956875610351562500e+01,4.150220108032226562e+01
6.889553070068359375e+01,5.020454788208007812e+01,4.105989456176757812e+01
6.667969512939453125e+01,5.901764297485351562e+01,5.559558486938476562e+01
5.280063629150390625e+01,5.087412261962890625e+01,5.956027984619140625e+01
5.208023071289062500e+01,5.130643463134765625e+01,5.960910797119140625e+01
5.480171966552734375e+01,5.044772720336914062e+01,5.988089752197265625e+01
5.860039520263671875e+01,5.246385192871093750e+01,6.192195129394531250e+01
5.790492248535156250e+01,5.250635147094726562e+01,6.186517333984375000e+01
5.821554183959960938e+01,5.166735076904296875e+01,6.153787994384765625e+01
6.899819183349609375e+01,5.738122177124023438e+01,5.472943115234375000e+01
7.097634124755859375e+01,5.043834304809570312e+01,5.193484115600585938e+01
5.943172454833984375e+01,5.601539230346679688e+01,6.172880935668945312e+01
5.926758956909179688e+01,5.516648864746093750e+01,6.171598815917968750e+01
6.130104064941406250e+01,5.199819946289062500e+01,6.185140609741210938e+01
6.155131912231445312e+01,5.137024688720703125e+01,6.149982833862304688e+01
6.615019989013671875e+01,5.371577072143554688e+01,5.972461318969726562e+01
6.532765960693359375e+01,5.370468521118164062e+01,6.046477890014648438e+01
6.489151763916015625e+01,4.924403762817382812e+01,3.394483184814453125e+01
6.376533889770507812e+01,5.013557815551757812e+01,5.957951736450195312e+01
6.662565612792968750e+01,5.417613983154296875e+01,5.917973709106445312e+01
6.890690612792968750e+01,5.406536102294921875e+01,5.678780746459960938e+01
6.869402313232421875e+01,5.347784423828125000e+01,5.717158889770507812e+01
6.914099121093750000e+01,5.334292602539062500e+01,5.664159393310546875e+01
5.664303970336914062e+01,5.381698989868164062e+01,6.173833084106445312e+01
5.605592346191406250e+01,5.295985412597656250e+01,6.164031600952148438e+01
5.705450057983398438e+01,5.268368911743164062e+01,6.177032089233398438e+01
5.113046646118164062e+01,5.306121063232421875e+01,5.983776855468750000e+01
6.326591873168945312e+01,5.031383514404296875e+01,6.019374465942382812e+01
6.301076889038085938e+01,5.088218688964843750e+01,6.097948074340820312e+01
5.798550033569335938e+01,5.654427337646484375e+01,2.613379859924316406e+01
6.926275634765625000e+01,5.025026321411132812e+01,5.619758224487304688e+01
6.947842407226562500e+01,5.066088104248046875e+01,5.577759552001953125e+01
7.009046173095703125e+01,5.682985687255859375e+01,5.252597427368164062e+01
5.882466888427734375e+01,5.412870025634765625e+01,2.598489189147949219e+01
5.057809448242187500e+01,4.990938949584960938e+01,2.377212905883789062e+01
6.654888916015625000e+01,4.875519561767578125e+01,3.642522048950195312e+01
6.593315887451171875e+01,4.841663360595703125e+01,3.651146316528320312e+01
5.032123947143554688e+01,5.427352523803710938e+01,2.352893829345703125e+01
5.641543197631835938e+01,4.973915863037109375e+01,2.509358215332031250e+01
5.573268127441406250e+01,5.010177993774414062e+01,2.475453758239746094e+01
4.714993286132812500e+01,5.528566360473632812e+01,2.472918891906738281e+01
5.521516799926757812e+01,5.653992462158203125e+01,2.481238937377929688e+01
5.533872985839843750e+01,5.566716766357421875e+01,2.427418708801269531e+01
5.780531311035156250e+01,5.460499191284179688e+01,6.172750854492187500e+01
6.317987060546875000e+01,5.814057540893554688e+01,6.032710647583007812e+01
6.385617065429687500e+01,5.865952682495117188e+01,5.960329055786132812e+01
4.510753631591796875e+01,5.193242645263671875e+01,2.492743873596191406e+01
4.555394744873046875e+01,5.279295349121093750e+01,2.487986946105957031e+01
6.145571517944335938e+01,5.271221160888671875e+01,6.202836608886718750e+01
4.866619110107421875e+01,5.502027893066406250e+01,2.414145088195800781e+01
7.051120758056640625e+01,5.404090118408203125e+01,4.695501327514648438e+01
7.058586883544921875e+01,5.425735855102539062e+01,4.778219604492187500e+01
7.051120758056640625e+01,5.477386474609375000e+01,4.720819854736328125e+01
5.346114730834960938e+01,4.656294250488281250e+01,2.506374168395996094e+01
5.712016296386718750e+01,5.510198974609375000e+01,2.485493659973144531e+01
5.740255737304687500e+01,5.440312194824218750e+01,2.500335121154785156e+01
5.015063476562500000e+01,5.348070526123046875e+01,2.350869178771972656e+01
6.962147521972656250e+01,5.156171798706054688e+01,5.517174530029296875e+01
5.844028854370117188e+01,5.467747497558593750e+01,2.568212127685546875e+01
6.046621322631835938e+01,5.458048248291015625e+01,2.782241821289062500e+01
6.074057388305664062e+01,5.397011566162109375e+01,2.794178581237792969e+01
7.082356262207031250e+01,5.565842437744140625e+01,4.908274078369140625e+01
7.093155670166015625e+01,5.551498031616210938e+01,4.981011199951171875e+01
7.093659210205078125e+01,5.510722732543945312e+01,5.123848342895507812e+01
7.099225616455078125e+01,5.505828475952148438e+01,5.044531250000000000e+01
7.078177642822265625e+01,5.526055526733398438e+01,5.210874176025390625e+01
7.053327178955078125e+01,5.626243591308593750e+01,5.222856140136718750e+01
5.165363311767578125e+01,5.813626480102539062e+01,6.036010742187500000e+01
6.431662750244140625e+01,5.912464523315429688e+01,5.887441253662109375e+01
6.330253982543945312e+01,5.953336715698242188e+01,5.922953796386718750e+01
5.710984420776367188e+01,5.010927581787109375e+01,2.537068367004394531e+01
5.093318176269531250e+01,5.870364761352539062e+01,6.007950592041015625e+01
6.187615203857421875e+01,5.560566329956054688e+01,6.148792266845703125e+01
7.050425720214843750e+01,5.242830657958984375e+01,4.592914581298828125e+01
7.062975311279296875e+01,5.167640304565429688e+01,4.650787734985351562e+01
5.820359420776367188e+01,5.087747955322265625e+01,6.108068847656250000e+01
5.790403366088867188e+01,5.122232055664062500e+01,2.557224845886230469e+01
5.830089187622070312e+01,5.194713211059570312e+01,2.574060440063476562e+01
6.159391021728515625e+01,5.119897079467773438e+01,2.908053779602050781e+01
6.205425262451171875e+01,5.198295974731445312e+01,6.183897781372070312e+01
5.446128463745117188e+01,5.649681854248046875e+01,6.139908981323242188e+01
7.017124938964843750e+01,5.423972320556640625e+01,4.507957458496093750e+01
6.725495910644531250e+01,5.732202529907226562e+01,5.816163253784179688e+01
6.650820922851562500e+01,5.685654830932617188e+01,5.869873428344726562e+01
6.766786956787109375e+01,5.786131286621093750e+01,5.774007415771484375e+01
6.717803955078125000e+01,5.858963775634765625e+01,5.779282379150390625e+01
6.705915832519531250e+01,5.803475570678710938e+01,5.818657684326171875e+01
6.767716979980468750e+01,5.851636505126953125e+01,5.718927764892578125e+01
4.599419021606445312e+01,5.390656661987304688e+01,5.765980529785156250e+01
6.910610961914062500e+01,5.642211151123046875e+01,4.370794296264648438e+01
6.731735992431640625e+01,5.386307144165039062e+01,5.860576248168945312e+01
6.700706481933593750e+01,5.461193466186523438e+01,5.876614379882812500e+01
6.753316497802734375e+01,5.442722320556640625e+01,5.830437850952148438e+01
7.065296936035156250e+01,5.359392929077148438e+01,4.764094543457031250e+01
6.458853149414062500e+01,5.847050857543945312e+01,5.921023559570312500e+01
4.855266952514648438e+01,4.978352355957031250e+01,5.624924087524414062e+01
6.881111145019531250e+01,5.128722000122070312e+01,4.086811065673828125e+01
6.909867095947265625e+01,5.157496643066406250e+01,4.159005355834960938e+01
6.895584106445312500e+01,5.206317520141601562e+01,4.105882644653320312e+01
4.938319778442382812e+01,5.015904235839843750e+01,5.741659164428710938e+01
6.909875488281250000e+01,5.283582305908203125e+01,4.120957183837890625e+01
7.075168609619140625e+01,5.609714508056640625e+01,4.960627365112304688e+01
7.038970184326171875e+01,5.655649566650390625e+01,4.893370056152343750e+01
7.097077178955078125e+01,5.220757675170898438e+01,4.845898437500000000e+01
7.099624633789062500e+01,5.305554580688476562e+01,4.890976333618164062e+01
5.644620895385742188e+01,4.627627944946289062e+01,2.631220245361328125e+01
6.828848266601562500e+01,5.793184280395507812e+01,5.345402908325195312e+01
4.418357467651367188e+01,5.589685058593750000e+01,2.598639488220214844e+01
4.435831832885742188e+01,5.632722091674804688e+01,2.655854606628417969e+01
5.945326232910156250e+01,5.038526153564453125e+01,6.063946151733398438e+01
5.869534301757812500e+01,5.039848327636718750e+01,6.067924499511718750e+01
6.396295166015625000e+01,5.950759887695312500e+01,5.860549545288085938e+01
5.111464309692382812e+01,5.706516265869140625e+01,6.027048110961914062e+01
6.999674224853515625e+01,5.639691162109375000e+01,5.416650009155273438e+01
6.946437072753906250e+01,5.671755981445312500e+01,5.491148376464843750e+01
6.632042694091796875e+01,5.196031570434570312e+01,5.976193237304687500e+01
6.579929351806640625e+01,5.176995468139648438e+01,6.026745223999023438e+01
6.934354400634765625e+01,5.275412750244140625e+01,5.632689666748046875e+01
6.937171936035156250e+01,5.352724456787109375e+01,5.612189483642578125e+01
5.498991012573242188e+01,5.230858993530273438e+01,2.390610504150390625e+01
6.988188171386718750e+01,5.512747955322265625e+01,5.470945739746093750e+01
6.520783996582031250e+01,5.795767974853515625e+01,5.910109710693359375e+01
5.209609222412109375e+01,5.882571792602539062e+01,6.046012115478515625e+01
6.695000457763671875e+01,5.901293945312500000e+01,5.732049179077148438e+01
6.713893890380859375e+01,5.899900054931640625e+01,5.655924987792968750e+01
5.346929931640625000e+01,5.114371490478515625e+01,6.001631546020507812e+01
6.776152038574218750e+01,5.856509017944335938e+01,5.635731887817382812e+01
6.086157989501953125e+01,5.151592636108398438e+01,6.158144760131835938e+01
6.059200286865234375e+01,5.205248260498046875e+01,6.183708953857421875e+01
5.592276763916015625e+01,5.624171829223632812e+01,6.159753799438476562e+01
5.632477951049804688e+01,5.680690002441406250e+01,6.179808044433593750e+01
6.259618377685546875e+01,5.132942962646484375e+01,6.143108367919921875e+01
5.981967163085937500e+01,5.454097366333007812e+01,6.181676483154296875e+01
5.884648895263671875e+01,5.420423889160156250e+01,6.185668182373046875e+01
6.305023956298828125e+01,5.601741790771484375e+01,6.103700637817382812e+01
6.066428375244140625e+01,5.466013336181640625e+01,6.180807495117187500e+01
5.449872970581054688e+01,5.306581497192382812e+01,6.127266311645507812e+01
5.427455520629882812e+01,5.418446731567382812e+01,6.125702285766601562e+01
6.008376312255859375e+01,5.984711837768554688e+01,6.087371826171875000e+01
6.049724197387695312e+01,6.014328384399414062e+01,6.010886001586914062e+01
5.971306610107421875e+01,6.036807250976562500e+01,6.027624893188476562e+01
5.808330154418945312e+01,5.536207962036132812e+01,6.171170425415039062e+01
7.092539215087890625e+01,5.215574264526367188e+01,5.247084808349609375e+01
7.068460083007812500e+01,5.241772460937500000e+01,5.308886337280273438e+01
4.628607940673828125e+01,5.307727050781250000e+01,5.757634735107421875e+01
4.470317459106445312e+01,5.339354324340820312e+01,2.517421340942382812e+01
5.012459182739257812e+01,5.257341766357421875e+01,2.349200248718261719e+01
4.796417617797851562e+01,5.244257736206054688e+01,2.405376434326171875e+01
5.751173782348632812e+01,5.175795364379882812e+01,6.148823928833007812e+01
5.194134902954101562e+01,5.430869293212890625e+01,2.339860153198242188e+01
6.064892959594726562e+01,5.301889419555664062e+01,2.779832458496093750e+01
5.319231414794921875e+01,4.975305175781250000e+01,5.791283798217773438e+01
4.680181121826171875e+01,5.238612365722656250e+01,5.758394622802734375e+01
6.174350738525390625e+01,5.016518783569335938e+01,5.996498870849609375e+01
6.177604675292968750e+01,5.053652191162109375e+01,6.069571685791015625e+01
4.869935989379882812e+01,5.423176574707031250e+01,5.895817184448242188e+01
5.131092453002929688e+01,4.984068679809570312e+01,5.779244613647460938e+01
6.240377426147460938e+01,5.091478729248046875e+01,3.003171157836914062e+01
6.182800674438476562e+01,5.051790237426757812e+01,2.950369644165039062e+01
6.136046600341796875e+01,5.337177658081054688e+01,6.204819869995117188e+01
6.226986694335937500e+01,4.928713226318359375e+01,3.046265983581542969e+01
5.855002593994140625e+01,5.650324249267578125e+01,2.725232315063476562e+01
6.212133789062500000e+01,5.133149719238281250e+01,2.960688591003417969e+01
6.206389999389648438e+01,5.199734497070312500e+01,2.942508506774902344e+01
6.961552429199218750e+01,5.236922836303710938e+01,5.525968551635742188e+01
6.981571197509765625e+01,5.292856216430664062e+01,5.479141998291015625e+01
6.985235595703125000e+01,5.218461990356445312e+01,5.458311080932617188e+01
5.511760330200195312e+01,5.139970397949218750e+01,2.414682960510253906e+01
5.410366439819335938e+01,5.112271499633789062e+01,2.390770149230957031e+01
5.568742370605468750e+01,5.207221221923828125e+01,2.424110412597656250e+01
5.573201370239257812e+01,5.097948455810546875e+01,2.453942108154296875e+01
4.983934020996093750e+01,5.613323593139648438e+01,2.454840850830078125e+01
6.609111022949218750e+01,5.013108444213867188e+01,5.818785095214843750e+01
5.782292556762695312e+01,5.503474807739257812e+01,2.524178886413574219e+01
4.600823593139648438e+01,5.621614456176757812e+01,5.814244842529296875e+01
4.941353225708007812e+01,5.688435363769531250e+01,2.569566535949707031e+01
5.759167480468750000e+01,5.638360977172851562e+01,2.556183433532714844e+01
6.517208862304687500e+01,5.296185684204101562e+01,3.335798263549804688e+01
4.511360931396484375e+01,5.633901977539062500e+01,2.603782463073730469e+01
6.846430206298828125e+01,4.890130233764648438e+01,4.200624465942382812e+01
4.700099945068359375e+01,5.402799606323242188e+01,5.806867980957031250e+01
5.788788223266601562e+01,5.396995162963867188e+01,2.531776046752929688e+01
5.859242248535156250e+01,5.604137420654296875e+01,2.616956901550292969e+01
5.881299209594726562e+01,5.625426483154296875e+01,2.681690025329589844e+01
5.390193176269531250e+01,4.696754837036132812e+01,2.479163551330566406e+01
5.576366424560546875e+01,4.943084335327148438e+01,2.487441062927246094e+01
5.505860900878906250e+01,4.962008666992187500e+01,2.458180618286132812e+01
5.523846817016601562e+01,4.879346084594726562e+01,2.475359535217285156e+01
4.634585952758789062e+01,5.279233169555664062e+01,2.472578811645507812e+01
5.443100357055664062e+01,5.168725204467773438e+01,2.385258293151855469e+01
7.052960968017578125e+01,4.938854598999023438e+01,4.935458755493164062e+01
6.586083984375000000e+01,5.113758087158203125e+01,5.993631362915039062e+01
6.249181747436523438e+01,5.269118118286132812e+01,2.993688201904296875e+01
4.997982406616210938e+01,5.048775100708007812e+01,2.369942855834960938e+01
5.083165359497070312e+01,5.078186035156250000e+01,2.353310966491699219e+01
6.322216033935546875e+01,5.901064682006835938e+01,5.985641098022460938e+01
6.249788665771484375e+01,5.893967819213867188e+01,6.033230972290039062e+01
6.659062194824218750e+01,5.034683609008789062e+01,5.846845626831054688e+01
6.429544830322265625e+01,5.531563568115234375e+01,3.306147003173828125e+01
6.535812377929687500e+01,5.011673736572265625e+01,5.849680328369140625e+01
6.536764526367187500e+01,5.036091995239257812e+01,5.942392730712890625e+01
6.543487548828125000e+01,5.237633895874023438e+01,6.063338470458984375e+01
6.583675384521484375e+01,5.288469696044921875e+01,6.024859237670898438e+01
6.595521545410156250e+01,5.539027404785156250e+01,3.580047988891601562e+01
5.142788696289062500e+01,5.905472946166992188e+01,5.998844528198242188e+01
6.933126068115234375e+01,5.535776519775390625e+01,4.230434799194335938e+01
6.914045715332031250e+01,5.512446975708007812e+01,4.155369186401367188e+01
5.347925949096679688e+01,5.675142669677734375e+01,2.486882019042968750e+01
5.005412292480468750e+01,5.855675888061523438e+01,5.998956680297851562e+01
5.048952865600585938e+01,5.907131958007812500e+01,5.981051254272460938e+01
4.935179901123046875e+01,5.838178253173828125e+01,5.976526641845703125e+01
6.685362243652343750e+01,4.999791336059570312e+01,5.759942245483398438e+01
5.426624298095703125e+01,4.935943222045898438e+01,2.433163833618164062e+01
5.423377609252929688e+01,5.029838180541992188e+01,2.414401054382324219e+01
5.382902908325195312e+01,5.336420440673828125e+01,6.108649826049804688e+01
5.354912185668945312e+01,5.412626266479492188e+01,6.100587463378906250e+01
5.358202362060546875e+01,5.779878616333007812e+01,6.151981353759765625e+01
5.608104705810546875e+01,6.003860855102539062e+01,6.105843353271484375e+01
6.198200225830078125e+01,5.972858428955078125e+01,5.985021972656250000e+01
6.262233734130859375e+01,5.940742111206054688e+01,5.989768218994140625e+01
6.053368759155273438e+01,5.290707397460937500e+01,6.202316284179687500e+01
5.982182693481445312e+01,5.305058288574218750e+01,6.202939224243164062e+01
5.044120407104492188e+01,5.288287734985351562e+01,5.950096130371093750e+01
4.996667098999023438e+01,5.349582290649414062e+01,5.938582229614257812e+01
4.900202941894531250e+01,5.640794754028320312e+01,5.948501586914062500e+01
4.933876800537109375e+01,5.759512329101562500e+01,5.980015945434570312e+01
4.959192657470703125e+01,5.675178527832031250e+01,5.985493850708007812e+01
5.417889022827148438e+01,5.220597457885742188e+01,6.085040664672851562e+01
5.564093399047851562e+01,6.017876052856445312e+01,6.062549209594726562e+01
5.769617080688476562e+01,5.924974441528320312e+01,6.178404617309570312e+01
6.641489410400390625e+01,5.294288253784179688e+01,5.965220642089843750e+01
6.700813293457031250e+01,5.215536880493164062e+01,5.895751953125000000e+01
6.654714965820312500e+01,5.140964508056640625e+01,5.934629821777343750e+01
5.003392410278320312e+01,5.424546051025390625e+01,5.954226684570312500e+01
4.909052276611328125e+01,5.875113296508789062e+01,5.900573730468750000e+01
4.920033645629882812e+01,5.067896652221679688e+01,5.788767623901367188e+01
4.981083679199218750e+01,5.090020751953125000e+01,5.843511199951171875e+01
5.497311401367187500e+01,4.788942337036132812e+01,2.475358009338378906e+01
6.899070739746093750e+01,4.935840606689453125e+01,4.236135101318359375e+01
5.568420410156250000e+01,4.801117706298828125e+01,2.490690612792968750e+01
5.524374771118164062e+01,4.716324234008789062e+01,2.492766571044921875e+01
6.655815124511718750e+01,5.552741622924804688e+01,3.712119674682617188e+01
6.710506439208984375e+01,5.484203720092773438e+01,3.718931579589843750e+01
6.814297485351562500e+01,5.152915573120117188e+01,3.917379760742187500e+01
5.820824432373046875e+01,5.334042739868164062e+01,6.197428894042968750e+01
5.744965362548828125e+01,5.323269653320312500e+01,6.188710021972656250e+01
5.622987747192382812e+01,4.722685623168945312e+01,2.524340057373046875e+01
6.941746520996093750e+01,5.731323242187500000e+01,5.211260986328125000e+01
6.794598388671875000e+01,5.443397903442382812e+01,3.881365585327148438e+01
5.656943130493164062e+01,5.949732208251953125e+01,6.160527420043945312e+01
5.534691238403320312e+01,5.951026153564453125e+01,6.135080337524414062e+01
5.598721694946289062e+01,5.868569564819335938e+01,6.181688308715820312e+01
5.261552810668945312e+01,5.796560668945312500e+01,6.100417327880859375e+01
6.864430236816406250e+01,4.958842849731445312e+01,4.069895172119140625e+01
6.826892852783203125e+01,4.914311218261718750e+01,4.039402770996093750e+01
6.499222564697265625e+01,5.947587966918945312e+01,5.757487106323242188e+01
6.712064361572265625e+01,5.649927902221679688e+01,5.831330490112304688e+01
6.710602569580078125e+01,5.154325866699218750e+01,3.652447128295898438e+01
6.810012054443359375e+01,5.276335906982421875e+01,3.902259826660156250e+01
6.662873077392578125e+01,5.608181381225585938e+01,5.873763656616210938e+01
5.584311294555664062e+01,4.674630355834960938e+01,2.535278129577636719e+01
6.754969787597656250e+01,5.190242385864257812e+01,5.831982803344726562e+01
5.663838577270507812e+01,5.048841094970703125e+01,6.049205780029296875e+01
5.597315597534179688e+01,5.037943649291992188e+01,6.018554687500000000e+01
6.425209808349609375e+01,5.499599075317382812e+01,3.249361038208007812e+01
5.661769485473632812e+01,5.776126480102539062e+01,6.192309570312500000e+01
5.901131820678710938e+01,5.325163650512695312e+01,6.203361892700195312e+01
5.964765167236328125e+01,5.385882568359375000e+01,6.196320724487304688e+01
5.987266540527343750e+01,4.805228805541992188e+01,2.839455795288085938e+01
6.810942840576171875e+01,5.778305435180664062e+01,5.715901565551757812e+01
6.684980773925781250e+01,5.085606002807617188e+01,5.875154495239257812e+01
6.756935882568359375e+01,5.095376968383789062e+01,5.817761611938476562e+01
7.010996246337890625e+01,5.143814468383789062e+01,4.465568542480468750e+01
7.073480224609375000e+01,5.085861587524414062e+01,4.738650894165039062e+01
7.058505249023437500e+01,5.098564147949218750e+01,4.651527786254882812e+01
6.986081695556640625e+01,5.165175247192382812e+01,4.386433410644531250e+01
5.256522750854492188e+01,5.480348205566406250e+01,2.354150581359863281e+01
7.053756713867187500e+01,5.327692413330078125e+01,4.631907653808593750e+01
6.966297149658203125e+01,5.453174972534179688e+01,4.309268569946289062e+01
6.709178161621093750e+01,5.150952529907226562e+01,5.875694274902343750e+01
7.064275360107421875e+01,5.321887588500976562e+01,4.704582977294921875e+01
6.918329620361328125e+01,5.196945571899414062e+01,5.675860595703125000e+01
5.047351837158203125e+01,5.486200332641601562e+01,5.987521362304687500e+01
6.631863403320312500e+01,5.317535400390625000e+01,3.530466079711914062e+01
6.644203948974609375e+01,5.227899551391601562e+01,3.536964416503906250e+01
6.659905242919921875e+01,5.455962753295898438e+01,3.599656677246093750e+01
6.398573303222656250e+01,4.834460449218750000e+01,3.502111816406250000e+01
4.585168838500976562e+01,5.188824462890625000e+01,2.480378150939941406e+01
4.646380233764648438e+01,5.126865768432617188e+01,2.471934318542480469e+01
6.963710784912109375e+01,5.598003005981445312e+01,4.409093093872070312e+01
6.863092803955078125e+01,5.546810913085937500e+01,5.681568145751953125e+01
4.880076599121093750e+01,5.670207214355468750e+01,2.537660598754882812e+01
7.103420257568359375e+01,5.147534561157226562e+01,5.190017318725585938e+01
7.083743286132812500e+01,5.159369659423828125e+01,5.278068542480468750e+01
5.344755172729492188e+01,5.447876358032226562e+01,2.358587074279785156e+01
6.928140258789062500e+01,5.223730468750000000e+01,4.188597869873046875e+01
6.933633422851562500e+01,5.156826019287109375e+01,4.229244613647460938e+01
4.969579696655273438e+01,5.566703414916992188e+01,5.968728637695312500e+01
4.479420471191406250e+01,5.260882186889648438e+01,2.500881195068359375e+01
4.662328720092773438e+01,5.212796020507812500e+01,2.463912200927734375e+01
4.733932113647460938e+01,5.179116821289062500e+01,2.435748863220214844e+01
6.906137847900390625e+01,5.576554107666015625e+01,5.608667755126953125e+01
6.873477172851562500e+01,5.670299148559570312e+01,5.640603256225585938e+01
5.685842895507812500e+01,5.651005172729492188e+01,2.528944587707519531e+01
5.103242874145507812e+01,4.783395767211914062e+01,2.447483825683593750e+01
5.040673065185546875e+01,4.846703720092773438e+01,2.427005577087402344e+01
6.244064712524414062e+01,5.036569213867187500e+01,6.041482162475585938e+01
5.497846603393554688e+01,5.873556518554687500e+01,6.162562561035156250e+01
5.519560241699218750e+01,5.791476821899414062e+01,6.173614120483398438e+01
6.933300781250000000e+01,5.002310180664062500e+01,5.503525543212890625e+01
4.878311538696289062e+01,5.204462051391601562e+01,2.375063705444335938e+01
4.942220687866210938e+01,4.961081695556640625e+01,2.409033966064453125e+01
5.012448883056640625e+01,4.919377136230468750e+01,2.406270027160644531e+01
4.935245513916015625e+01,5.284994125366210938e+01,2.363914108276367188e+01
6.692993164062500000e+01,5.323600006103515625e+01,5.906713485717773438e+01
6.896330261230468750e+01,4.982328414916992188e+01,5.586004257202148438e+01
5.185980606079101562e+01,5.207138442993164062e+01,5.989118957519531250e+01
6.533583068847656250e+01,5.439438247680664062e+01,3.370537185668945312e+01
6.546821594238281250e+01,5.362435913085937500e+01,3.384807968139648438e+01
6.531896972656250000e+01,5.496059799194335938e+01,3.402378463745117188e+01
6.571012115478515625e+01,5.420797729492187500e+01,3.423388290405273438e+01
6.369728469848632812e+01,5.678236007690429688e+01,6.050348281860351562e+01
7.059761047363281250e+01,5.569641876220703125e+01,5.286796951293945312e+01
7.034806823730468750e+01,5.596122741699218750e+01,5.360812377929687500e+01
6.254682159423828125e+01,5.736442947387695312e+01,6.093585586547851562e+01
6.407587432861328125e+01,5.966532516479492188e+01,5.784469223022460938e+01
6.828860473632812500e+01,5.705469512939453125e+01,5.708958435058593750e+01
6.316101455688476562e+01,5.213231658935546875e+01,6.175204849243164062e+01
6.257506942749023438e+01,5.275540161132812500e+01,6.195275497436523438e+01
6.351698303222656250e+01,5.291760635375976562e+01,6.171532058715820312e+01
5.276296997070312500e+01,5.897090911865234375e+01,6.091515350341796875e+01
7.056894683837890625e+01,5.390372085571289062e+01,5.320521163940429688e+01
7.066199493408203125e+01,5.322002029418945312e+01,5.305960845947265625e+01
7.088070678710937500e+01,5.366174697875976562e+01,5.230995941162109375e+01
5.360593032836914062e+01,5.950145339965820312e+01,6.086175918579101562e+01
4.961379241943359375e+01,5.178276824951171875e+01,5.879005432128906250e+01
5.360118865966796875e+01,5.982876968383789062e+01,5.998438262939453125e+01
5.763157272338867188e+01,5.051086807250976562e+01,2.557863616943359375e+01
6.228955459594726562e+01,5.992651748657226562e+01,5.928045272827148438e+01
6.296546936035156250e+01,5.369651031494140625e+01,6.177099227905273438e+01
6.263373184204101562e+01,5.011523818969726562e+01,5.957973480224609375e+01
6.501613616943359375e+01,5.873380279541015625e+01,5.878389358520507812e+01
6.125157546997070312e+01,6.007489395141601562e+01,5.958568954467773438e+01
5.462281417846679688e+01,5.981811523437500000e+01,6.072315979003906250e+01
5.515608978271484375e+01,6.012559127807617188e+01,6.007926559448242188e+01
6.222801589965820312e+01,5.399541473388671875e+01,2.957956123352050781e+01
5.706512832641601562e+01,4.924585342407226562e+01,2.546749114990234375e+01
5.614524078369140625e+01,4.877462768554687500e+01,2.505153465270996094e+01
6.100953292846679688e+01,5.088976287841796875e+01,6.108384323120117188e+01
6.227586364746093750e+01,5.652091598510742188e+01,6.124670791625976562e+01
6.296023559570312500e+01,5.673493194580078125e+01,6.093523025512695312e+01
5.864953613281250000e+01,5.572580337524414062e+01,6.174165725708007812e+01
6.595945739746093750e+01,4.867243957519531250e+01,3.582916641235351562e+01
4.827745437622070312e+01,5.482755661010742188e+01,5.890248870849609375e+01
5.282489776611328125e+01,5.450487518310546875e+01,6.074943542480468750e+01
5.722381973266601562e+01,5.017537689208984375e+01,6.025434494018554688e+01
5.850676345825195312e+01,5.945492553710937500e+01,6.166840362548828125e+01
6.396957397460937500e+01,5.579830169677734375e+01,6.055965805053710938e+01
6.968093109130859375e+01,5.060055541992187500e+01,5.492897415161132812e+01
6.424398803710937500e+01,5.289241790771484375e+01,6.138424682617187500e+01
6.649466705322265625e+01,5.787573242187500000e+01,5.855599594116210938e+01
6.660916900634765625e+01,5.851970291137695312e+01,5.820219802856445312e+01
6.330767822265625000e+01,5.740102767944335938e+01,6.052949905395507812e+01
5.812291336059570312e+01,4.875010681152343750e+01,2.628675651550292969e+01
7.041184997558593750e+01,5.627597045898437500e+01,5.299826812744140625e+01
5.753214645385742188e+01,4.647443008422851562e+01,2.831904029846191406e+01
5.930901718139648438e+01,4.718437194824218750e+01,2.941618537902832031e+01
5.851328659057617188e+01,4.688341140747070312e+01,2.888405609130859375e+01
5.839163208007812500e+01,4.696382904052734375e+01,2.969970512390136719e+01
7.045507812500000000e+01,5.116607284545898438e+01,4.589648056030273438e+01
5.742418289184570312e+01,5.589853668212890625e+01,2.514556312561035156e+01
5.866412353515625000e+01,5.553494644165039062e+01,2.596552276611328125e+01
5.125037765502929688e+01,5.021908569335937500e+01,2.364568138122558594e+01
5.459343719482421875e+01,5.552680206298828125e+01,2.402890396118164062e+01
5.231821060180664062e+01,5.933724594116210938e+01,6.028563308715820312e+01
5.328844070434570312e+01,5.150724411010742188e+01,2.367877006530761719e+01
5.686420440673828125e+01,4.743388366699218750e+01,2.557493591308593750e+01
6.103531265258789062e+01,4.933681869506835938e+01,2.919138336181640625e+01
5.497414016723632812e+01,5.053644180297851562e+01,2.434231758117675781e+01
4.593146896362304688e+01,5.636820220947265625e+01,2.573019027709960938e+01
5.004144287109375000e+01,5.113867568969726562e+01,2.355051231384277344e+01
5.717697906494140625e+01,5.359232711791992188e+01,2.491156768798828125e+01
5.299996185302734375e+01,4.936879348754882812e+01,2.395384788513183594e+01
5.356959152221679688e+01,4.898513793945312500e+01,2.415970420837402344e+01
6.718358612060546875e+01,5.049441146850585938e+01,3.641056823730468750e+01
4.691437911987304688e+01,5.341443634033203125e+01,2.459141540527343750e+01
4.621003341674804688e+01,5.377693557739257812e+01,2.482710075378417969e+01
5.227930831909179688e+01,4.730728912353515625e+01,2.459031295776367188e+01
7.069249725341796875e+01,5.464705657958984375e+01,5.273251724243164062e+01
6.798326110839843750e+01,5.013863754272460938e+01,3.842361068725585938e+01
6.808425903320312500e+01,5.084791183471679688e+01,3.880488586425781250e+01
6.579962158203125000e+01,5.854250335693359375e+01,5.854256057739257812e+01
6.555111694335937500e+01,5.915964889526367188e+01,5.800800704956054688e+01
6.632796478271484375e+01,5.893509674072265625e+01,5.792878723144531250e+01
6.835894775390625000e+01,5.225219345092773438e+01,3.961158370971679688e+01
6.952903747558593750e+01,5.723268508911132812e+01,4.987740325927734375e+01
5.572816848754882812e+01,5.010621643066406250e+01,5.971935272216796875e+01
4.639519500732421875e+01,5.486938095092773438e+01,2.488336944580078125e+01
4.554583358764648438e+01,5.406624984741210938e+01,2.504231834411621094e+01
7.119969177246093750e+01,5.157557678222656250e+01,5.051869583129882812e+01
7.115979003906250000e+01,5.259579467773437500e+01,5.063998413085937500e+01
6.472437286376953125e+01,5.936387252807617188e+01,5.820650482177734375e+01
4.797840118408203125e+01,5.418801116943359375e+01,5.861822891235351562e+01
6.478193664550781250e+01,5.430842590332031250e+01,6.060321807861328125e+01
5.994165039062500000e+01,5.019509887695312500e+01,6.025422286987304688e+01
7.010122680664062500e+01,5.259965515136718750e+01,4.446566390991210938e+01
5.442120361328125000e+01,5.110494995117187500e+01,6.032278823852539062e+01
5.649324035644531250e+01,5.013999176025390625e+01,5.999700164794921875e+01
5.938701629638671875e+01,6.020556640625000000e+01,6.091470336914062500e+01
6.012694168090820312e+01,5.901252365112304688e+01,6.132897567749023438e+01
5.931595230102539062e+01,4.732703781127929688e+01,2.871299934387207031e+01
6.825852966308593750e+01,5.799979019165039062e+01,5.636668395996093750e+01
6.437693786621093750e+01,5.290456771850585938e+01,3.219660186767578125e+01
5.327959823608398438e+01,5.074265670776367188e+01,2.379780960083007812e+01
5.355788040161132812e+01,4.983766174316406250e+01,2.402090454101562500e+01
4.940579605102539062e+01,4.926927566528320312e+01,5.541464233398437500e+01
4.875390243530273438e+01,4.943642807006835938e+01,5.544321060180664062e+01
6.962063598632812500e+01,5.173605728149414062e+01,4.313334655761718750e+01
6.584357452392578125e+01,5.286325836181640625e+01,3.438900756835937500e+01
6.647477722167968750e+01,5.516154479980468750e+01,3.634541320800781250e+01
6.395525360107421875e+01,5.195966720581054688e+01,6.147210693359375000e+01
6.425637817382812500e+01,5.212520599365234375e+01,3.212943649291992188e+01
6.470015716552734375e+01,5.253005218505859375e+01,3.266634368896484375e+01
6.506250000000000000e+01,5.216015243530273438e+01,3.318096923828125000e+01
6.042039108276367188e+01,5.753637695312500000e+01,6.156180572509765625e+01
7.105593872070312500e+01,5.222921752929687500e+01,5.165700531005859375e+01
5.483676910400390625e+01,5.698590469360351562e+01,2.547561264038085938e+01
4.562384414672851562e+01,5.601858520507812500e+01,2.547158813476562500e+01
4.491464233398437500e+01,5.575199890136718750e+01,2.555238151550292969e+01
4.674587249755859375e+01,5.667808532714843750e+01,2.606155586242675781e+01
4.720503616333007812e+01,5.655639648437500000e+01,2.558700180053710938e+01
4.560177993774414062e+01,5.517229461669921875e+01,2.514773559570312500e+01
5.764933013916015625e+01,4.670581436157226562e+01,2.917432594299316406e+01
5.422795486450195312e+01,5.989496231079101562e+01,6.028895950317382812e+01
4.625836563110351562e+01,5.664718627929687500e+01,2.655170059204101562e+01
5.379212188720703125e+01,5.376629257202148438e+01,2.359437751770019531e+01
6.550467681884765625e+01,5.184282684326171875e+01,3.378407669067382812e+01
5.597676467895507812e+01,5.667760467529296875e+01,2.515485572814941406e+01
5.732885742187500000e+01,5.276939773559570312e+01,2.505135154724121094e+01
5.560718917846679688e+01,5.698868179321289062e+01,2.563532066345214844e+01
6.355326843261718750e+01,4.963251113891601562e+01,3.183810234069824219e+01
6.258597564697265625e+01,5.422947311401367188e+01,3.017987442016601562e+01
4.807778549194335938e+01,5.673066329956054688e+01,2.562909126281738281e+01
5.295369338989257812e+01,4.866199493408203125e+01,2.408281326293945312e+01
6.599703979492187500e+01,5.002405166625976562e+01,3.469861221313476562e+01
5.007500457763671875e+01,5.737208557128906250e+01,6.007460784912109375e+01
6.954115295410156250e+01,5.389023208618164062e+01,5.557550430297851562e+01
6.979226684570312500e+01,5.373131179809570312e+01,5.492768096923828125e+01
6.960027313232421875e+01,5.314797592163085938e+01,5.545063781738281250e+01
5.051271820068359375e+01,5.566922760009765625e+01,6.004809188842773438e+01
6.547438049316406250e+01,4.935602188110351562e+01,3.445770263671875000e+01
5.319012832641601562e+01,4.786329650878906250e+01,2.434423255920410156e+01
6.942518615722656250e+01,5.136257553100585938e+01,5.612126159667968750e+01
6.607965850830078125e+01,5.181595993041992188e+01,3.463470840454101562e+01
7.105695343017578125e+01,5.310261917114257812e+01,5.144662094116210938e+01
6.689989471435546875e+01,5.445427703857421875e+01,3.658342361450195312e+01
6.795268249511718750e+01,5.551847839355468750e+01,3.958425521850585938e+01
6.816521453857421875e+01,5.506451416015625000e+01,3.951538085937500000e+01
6.686887359619140625e+01,5.215063858032226562e+01,3.624414062500000000e+01
6.650600433349609375e+01,4.844808578491210938e+01,3.711576080322265625e+01
6.742568969726562500e+01,4.862862777709960938e+01,3.907347106933593750e+01
6.130495071411132812e+01,5.385974121093750000e+01,2.848628044128417969e+01
7.075962829589843750e+01,5.081762695312500000e+01,5.292572402954101562e+01
6.925653076171875000e+01,4.907661056518554688e+01,4.418853378295898438e+01
7.012075042724609375e+01,4.932872772216796875e+01,4.716742706298828125e+01
7.041197204589843750e+01,4.986040878295898438e+01,4.672576522827148438e+01
6.938043212890625000e+01,5.374191665649414062e+01,4.197020339965820312e+01
6.840227508544921875e+01,4.902422332763671875e+01,4.122457885742187500e+01
5.878406143188476562e+01,5.275961685180664062e+01,2.601502227783203125e+01
5.793759918212890625e+01,5.299965286254882812e+01,2.542364311218261719e+01
7.092741394042968750e+01,5.288670349121093750e+01,5.236564254760742188e+01
5.642578125000000000e+01,4.792151260375976562e+01,2.519828796386718750e+01
6.297151565551757812e+01,5.520606994628906250e+01,3.144992065429687500e+01
6.934884643554687500e+01,4.939100646972656250e+01,4.353560638427734375e+01
6.739116668701171875e+01,5.497772979736328125e+01,5.833782196044921875e+01
6.735660552978515625e+01,5.038018417358398438e+01,5.801318359375000000e+01
5.309542083740234375e+01,5.711215972900390625e+01,6.122713470458984375e+01
6.920238494873046875e+01,5.460548019409179688e+01,5.614220046997070312e+01
6.965670013427734375e+01,5.458245086669921875e+01,5.518577575683593750e+01
7.009547424316406250e+01,5.687764358520507812e+01,5.168844604492187500e+01
5.490648269653320312e+01,5.202214050292968750e+01,6.098738861083984375e+01
7.037966156005859375e+01,5.443143844604492188e+01,5.364386367797851562e+01
5.019374465942382812e+01,5.642181777954101562e+01,6.004337310791015625e+01
6.114446258544921875e+01,5.981295013427734375e+01,6.016606140136718750e+01
5.442774963378906250e+01,5.792789840698242188e+01,6.164310073852539062e+01
5.442783355712890625e+01,5.911953353881835938e+01,6.136883544921875000e+01
5.645196914672851562e+01,5.234832000732421875e+01,6.154374313354492188e+01
5.011840820312500000e+01,5.222436141967773438e+01,5.920438766479492188e+01
6.074188995361328125e+01,5.950772857666015625e+01,6.073532867431640625e+01
5.062292098999023438e+01,5.165613555908203125e+01,2.343195533752441406e+01
5.257944869995117188e+01,4.986835479736328125e+01,2.380165100097656250e+01
6.676038360595703125e+01,5.294000625610351562e+01,3.625146102905273438e+01
6.970786285400390625e+01,5.547785186767578125e+01,4.363908004760742188e+01
6.973545074462890625e+01,5.696697998046875000e+01,4.823567581176757812e+01
6.999105072021484375e+01,5.646085357666015625e+01,4.676519775390625000e+01
7.039088439941406250e+01,5.412061309814453125e+01,4.603252792358398438e+01
6.963230133056640625e+01,5.687903976440429688e+01,4.744544982910156250e+01
7.062384796142578125e+01,5.491665267944335938e+01,4.793161010742187500e+01
6.945835113525390625e+01,5.197527313232421875e+01,5.586921310424804688e+01
6.341823196411132812e+01,5.138555526733398438e+01,6.135827636718750000e+01
7.030777740478515625e+01,5.624552154541015625e+01,4.741387939453125000e+01
7.051233673095703125e+01,5.545886993408203125e+01,4.727180862426757812e+01
5.148722076416015625e+01,4.953662109375000000e+01,2.382374382019042969e+01
7.097337341308593750e+01,5.400690841674804688e+01,4.939081192016601562e+01
6.962915039062500000e+01,5.720904922485351562e+01,5.122362899780273438e+01
6.950895690917968750e+01,5.543022155761718750e+01,4.292661285400390625e+01
6.116290664672851562e+01,5.557872009277343750e+01,2.955794715881347656e+01
5.833924102783203125e+01,4.716604995727539062e+01,2.725012397766113281e+01
4.398273849487304688e+01,5.253430175781250000e+01,2.520845603942871094e+01
5.942714691162109375e+01,4.719371032714843750e+01,3.008278083801269531e+01
6.814742279052734375e+01,5.038865280151367188e+01,5.757532882690429688e+01
7.019577026367187500e+01,5.346578598022460938e+01,5.401088333129882812e+01
6.782105255126953125e+01,5.068474960327148438e+01,3.803307342529296875e+01
4.930761718750000000e+01,4.952320861816406250e+01,5.614235305786132812e+01
6.821494293212890625e+01,5.622178268432617188e+01,5.724367904663085938e+01
6.971087646484375000e+01,5.716254043579101562e+01,5.045880126953125000e+01
6.283782958984375000e+01,5.988463211059570312e+01,5.871362304687500000e+01
7.003574371337890625e+01,5.437186813354492188e+01,5.440007019042968750e+01
6.214246749877929688e+01,5.326744842529296875e+01,6.201454544067382812e+01
6.505819702148437500e+01,5.503541183471679688e+01,6.005532073974609375e+01
6.431315612792968750e+01,5.639374923706054688e+01,6.019081878662109375e+01
5.198805236816406250e+01,5.033953475952148438e+01,2.365475273132324219e+01
5.749963760375976562e+01,4.862499237060546875e+01,2.584414291381835938e+01
5.290219879150390625e+01,5.401222991943359375e+01,2.345008087158203125e+01
4.951739501953125000e+01,4.851721572875976562e+01,2.446647834777832031e+01
5.333646392822265625e+01,5.519018173217773438e+01,2.370424652099609375e+01
7.109716033935546875e+01,5.343051528930664062e+01,4.972440338134765625e+01
